0	4.166667	4.075	4.883333	2.88	4.756667	4.996666	3.81	5	3.53	4	4.905	2.5	4.11	3.85	5	3.85	3.38	3.333333	3.995	4.266666	4.81	5	4.896667	4.79	4.06	2.5	4.875	3.855	4.25	4.613333
3.71	0	2.37	2.92	0.5833334	0.99	0.3866667	0	2.5	0.2033333	1.296667	2.673333	0	0.24	0.0066667	0	1.42	3.06	0.43	0.01	0.2666667	0	0	0	0.1066667	0.4133333	1.185	2.15	1.096667	3.006667	0.6933333
5.22	7.695	0	1.223333	6.84	2.805	1.323333	4.52	2.805	5.166667	3.95	4.073333	5.803333	0.0966667	0.1533333	16.54667	5.27	5.08	1.436667	5.02	2.923333	4.9	11.785	4.643333	4.695	8.476666	1.64	2.606667	9.103333	3.033333	2.37
9.41	3.705	15.925	0	12.13	9.286667	7.853333	3.35	0	5.623333	5.61	5.035	6.305	4.423333	10	9.09	8.696667	6.386667	8.12	10.57667	1.395	8.97	10	6.453333	6.16	10.08333	8.125	5.71	5.406667	6.02	6.193334
0.0466667	0.03	1.1	0.1733333	0	1.406667	0.5333334	0.1933333	0	0.38	0.18	0.1933333	1.61	0.0566667	0.09	0	1.726667	0.2	0.3466667	0.53	1.58	1.34	0.05	0.1033333	0.06	0.0633333	0	0.19	0.2033333	0.2366667	0.2766667
11	11	11	11	11	0	11	11	10.94	7.333333	11	11	11	11	11	11	11	11	11	11	11	11	10.94	10.94	11	11	11	11	11	11	11
12.94	23.24667	29.61	26.88667	11.61	44.375	0	45.98	34.83	17.81	26.59	50	12.08	28.61667	28.75667	31.415	40.32	24.21333	23.59	22.04667	35.73333	15.55667	52.5	12	46.23333	27.41	46.59	46.59	22.25667	13.47667	22.25
5.92	3.566667	6.3	5.636667	6.926667	6.476667	1.72	0	6.3	0	0	0	2.91	3.376667	1.573333	0	0	2.833333	3.896667	4.176667	0	5.203333	2.353333	0	8.053333	0	6.3	5.583333	0	6.45	3.953333
9.005	19.995	6.1	1.486667	9.95	9.95	2.686667	2.356667	0	5.273333	2.213333	3.17	17.6	1.465	2.636667	0.415	12.98	2.64	0.95	2.195	9.953334	19.875	0.6366667	8.005	14.44	6.723333	3.066667	1.885	0.9933333	7.336667	3.996667
5.92	3.566667	6.3	5.636667	6.926667	6.476667	1.72	0	6.3	0	0	0	2.91	3.376667	1.573333	0	0	2.833333	3.896667	4.176667	0	5.203333	2.353333	0	8.053333	0	6.3	5.583333	0	6.45	3.953333
5.92	3.566667	6.3	5.636667	6.926667	6.476667	1.72	0	6.3	0	0	0	2.91	3.376667	1.573333	0	0	2.833333	3.896667	4.176667	0	5.203333	2.353333	0	8.053333	0	6.3	5.583333	0	6.45	3.953333
5.92	3.566667	6.3	5.636667	6.926667	6.476667	1.72	0	6.3	0	0	0	2.91	3.376667	1.573333	0	0	2.833333	3.896667	4.176667	0	5.203333	2.353333	0	8.053333	0	6.3	5.583333	0	6.45	3.953333
0.25	4.265	7.966667	14.92	7.443333	8.64	11.57	10.42667	2.5	5.006667	8.45	13.23333	0	9.559999	2.63	0.03	13.88667	5.79	40	0.08	12.54333	24.3	9.455	7.7	3.47	7.855	6.456667	15.46	7.106667	10.27667	7.47
17.84	7.455	42.885	15.485	5.165	27.48	43.42333	58	27.48	36.78	54.015	45	10.15	0	17.11	10	52.61666	41.10667	60	35	42.51	36.78	27.48	30.68	60	28.58	10	12.2	37.23333	32.48667	13.63667
2.63	12.67667	13.39667	4.825	3.38	13.43	8.19	7.023334	20.73	12.61667	7.986667	12.13	6.88	6.94	0	10	8.225	7.96	11.48333	7.5	15.41	22.10333	28.43	10	12.51	7.87	10.885	9.875	10.41333	5.943333	10.34667
5.92	3.566667	6.3	5.636667	6.926667	6.476667	1.72	0	6.3	0	0	0	2.91	3.376667	1.573333	0	0	2.833333	3.896667	4.176667	0	5.203333	2.353333	0	8.053333	0	6.3	5.583333	0	6.45	3.953333
5.92	3.566667	6.3	5.636667	6.926667	6.476667	1.72	0	6.3	0	0	0	2.91	3.376667	1.573333	0	0	2.833333	3.896667	4.176667	0	5.203333	2.353333	0	8.053333	0	6.3	5.583333	0	6.45	3.953333
4.61	3.363333	2.073333	1.386667	2.736667	3.766667	4.37	2.503333	2.89	2.58	3.243333	1.666667	5.423333	2.076667	1.473333	3.333333	2.963333	0	5.966667	4.41	1.706667	4.08	3.263333	4.07	6.876667	2.55	4.58	1.983333	2.343333	4.033333	2.06
9.405	6.02	6.993333	3.22	9.063334	10.92	9.366667	4.943333	7.626667	8.83	12.90333	10	3.34	14.07333	5.583333	9.73	9.806666	8.316667	0	6.123333	10.97667	15.63	12	10.33333	13.63	9.63	9.765	9.29	9.08	7.98	9.506667
10.13	0.03	0.23	14.15	11.96333	15.2	10.34333	5.875	17.04	9.776667	9.205	12.44	20	10.755	5.27	9.99	15.09	7.603333	10	0	8.02	10.405	19.72	13.75	13.33	13.14667	18.15	17.45	8.395	9.156667	10.95
5.92	3.566667	6.3	5.636667	6.926667	6.476667	1.72	0	6.3	0	0	0	2.91	3.376667	1.573333	0	0	2.833333	3.896667	4.176667	0	5.203333	2.353333	0	8.053333	0	6.3	5.583333	0	6.45	3.953333
0.11	0.55	0	1.98	0	0.095	0.0166667	0	9.21	0.0766667	1.046667	0	4.42	0.2333333	0.02	1.01	0.305	0.0233333	0.4266666	0	4.33	0	0	3	0.06	0.82	0	0.08	0.55	0.2133333	1.003333
0	7.5	0.18	0	0	0	0.0133333	0.7533333	0.0566667	0.1266667	0.8766667	0	6.59	0	0	0	2.176667	1.52	0	0	1.18	0.015	0	0.01	0	0.31	0.0166667	0	0.3533333	0.3866667	0.01
5.92	3.566667	6.3	5.636667	6.926667	6.476667	1.72	0	6.3	0	0	0	2.91	3.376667	1.573333	0	0	2.833333	3.896667	4.176667	0	5.203333	2.353333	0	8.053333	0	6.3	5.583333	0	6.45	3.953333
0.245	15.57667	9.51	4.96	0.245	5.3	1.995	5.086667	13.29	1.855	3.42	3.093333	16.34	2.635	0.0333333	18.995	3.88	5.603333	10.21	0	6.99	4.755	0	9.735001	0	3.12	7.59	8.16	3.94	1.74	5.94
5.92	3.566667	6.3	5.636667	6.926667	6.476667	1.72	0	6.3	0	0	0	2.91	3.376667	1.573333	0	0	2.833333	3.896667	4.176667	0	5.203333	2.353333	0	8.053333	0	6.3	5.583333	0	6.45	3.953333
7.266667	5.62	2.826667	1.76	9.153334	2.276667	1.68	9.303333	6.34	6.346666	5.79	6.28	2.8	1.446667	0.8266667	7.526667	7.776667	1.356667	1.816667	3.763333	11.15667	13.69667	5.266667	3.546667	8.16	11.15333	0	3.926667	6.456667	8.283333	4.88
3	2.5	4.375	7.495	6.4	7.21	5.403333	5.555	7.75	2.183333	1.466667	2.75	4.14	7.436667	3.02	2.985	4.233333	8.663334	7.07	6.96	5.146667	2.01	6	0	4.583333	4.213333	2.47	0	4.193333	9.266666	6.16
5.92	3.566667	6.3	5.636667	6.926667	6.476667	1.72	0	6.3	0	0	0	2.91	3.376667	1.573333	0	0	2.833333	3.896667	4.176667	0	5.203333	2.353333	0	8.053333	0	6.3	5.583333	0	6.45	3.953333
0.7566667	1.38	0.3733333	0.0233333	0.19	0.07	1.676667	1.753333	0.39	1.816667	1.473333	2.47	0.01	0	0.33	1.753333	1.336667	0.9933333	0.7933334	2.52	3.453333	0.5933334	0.9366667	1.41	0.0666667	1.31	0.8866667	0.0033333	1.406667	0	0.19
11.66667	6.12	2.766667	8.383333	7.366667	12.15333	7.543334	4.556667	2.59	4.396667	4.66	5.483333	2.823333	16.38	5.453333	7.44	3.076667	8.8	11.32	4.786666	3.846667	11.52667	2.563334	11.62667	8.79	10.37	3.426667	5.663333	4.17	7.456666	0
0	1.666667	5	1.686667	2.5	1.25	2.5	1.666667	12.53	1.666667	1.25	1.666667	12.53	2.99	5	0	1.366667	3.75	5	2.5	1.666667	5	12.53	2.5	1.676667	1.465	2.5	5	0.6625	1.245	1.26
0	0	0.075	0.785	0.0025	0	0.54	0	0	0.1866667	0.0666667	0.05	11.01	1.575	0	0	1.503333	0.04	0.105	0	0.0733333	0	0.15	5	1.69	0	0	0	0.1233333	0.022	0.004
6.3	0.6	0	0.55	0.72	0	0.695	0.68	1.32	0.7925	1.11	0.2333333	0.1566667	0.04	0	0.4433334	1.096667	1.11	0.59	0.33	1.053333	6.3	1.133333	0.745	0.005	1.103333	1.166667	0.59	0.41	0.24	0.7575
4.75	0.6975	5	0	0	0.03	4.015	0	0	0	0.03	0	13.02	0	0	0	0	0	0	6.363333	0	13.02	0	0	0.0233333	0	2.5	0	1.34	0.0166667	4.6675
0	0	2.3	0.13	0	0.625	0.7	1.13	0.175	0.4733333	0.1233333	0.2366667	6.98	0	0	0	1.02	2.64	4.625	0.2133333	2.04	6.98	0.1833333	1	0.395	0.085	0	0	0.4733333	0.005	0.012
11	11	11	11	11	0	11	3.666667	11	3.666667	3.666667	0	10.94	11	10.94	0	3.666667	11	10.94	11	7.333333	11	11	0	11	11	11	10.94	11	11	11
6.29	6.3575	11.92	3.615	7.375	10	0	3.03	38	5.503334	8.8925	9.333333	30.29	4.5	8.27	2.333333	14.87667	13.63	15.0575	11.32	7.28	15.29333	19	0	7.49	25.065	19	11.5	12.06	9.8825	5.39
0.3766667	0.08	6.3	0.03	0.025	0.15	0.01	0	6.3	0	0	0	0.0266667	0.0275	0	0	0	0.32	0.035	0	0	0	0.0775	0	0.014	0	6.3	0.035	0	0.012	0.034
6.3	0	0.02	0	0	0	0	0	0	0.04	0.0833333	0	0	0	6.3	0	0	0	0	0	0	6.3	0.005	0	6.3	0	0.0033333	0	0.0025	0	0.035
0.3766667	0.08	6.3	0.03	0.025	0.15	0.01	0	6.3	0	0	0	0.0266667	0.0275	0	0	0	0.32	0.035	0	0	0	0.0775	0	0.014	0	6.3	0.035	0	0.012	0.034
0.3766667	0.08	6.3	0.03	0.025	0.15	0.01	0	6.3	0	0	0	0.0266667	0.0366667	0	0	0	0.32	0.035	0	0	0	0.0775	0	0.014	0	6.3	0.035	0	0.012	0.034
0.3766667	0.08	6.3	0.03	0.025	0.15	0.01	0	6.3	0	0	0	0.0266667	0.0275	0	0	0	0.32	0.035	0	0	0	0.0775	0	0.014	0	6.3	0.035	0	0.012	0.034
6.3	4.95	3.815	0	0	0	2.8	1.766667	0	1.693333	2.64	1.293333	0	0	0	0	2.453333	1.68	6.3	6.3	0.58	6.3	1.14	4.9	2.65	4.205	4.09	6.28	1.905	2.295	2.015
27.48	4.7775	22.5	29.815	25.01333	45	32.92667	0	70	8.91	18.29667	1.265	27.48	0	32.5	20	29.85	18.09667	35.245	70	15.56333	0	32.5	0	25	19.11	0	43.07	14.91	23.82	9.5025
15	6.77	0.48	7.595	3.42	5	3.08	3.126667	8.08	5.183333	4.446667	1.16	12.51	5.96	0	0	4.683333	3.356667	4.9675	12.51	5.28	6.2	6.78	7.5	12.51	5.755	2.98	0.04	4.643333	4.755	3.075
0.3766667	0.08	6.3	0.03	0.025	0.15	0.01	0	6.3	0	0	0	0.0266667	0.0275	0	0	0	0.32	0.035	0	0	0	0.0775	0	0.014	0	6.3	0.035	0	0.012	0.034
0.3766667	0.08	6.3	0.03	0.025	0.15	0.01	0	6.3	0	0	0	0.0266667	0.0275	0	0	0	0.32	0.035	0	0	0	0.0775	0	0.014	0	6.3	0.035	0	0.012	0.034
0	0	0	0	0	0	0	0	0	0	0	0	0	0	0	0	0	0	0	0	0	0	0	0	0	0	0	0	0	0.0025	0
1	2.68	2.3	1.195	3.8875	2.5	2.9725	1.333333	4	1.633333	1.89	0	8.53	2.5	2.3225	1.666667	1.67	2.466667	0	4.466667	2.116667	3.333333	4.06	2	3.385	2	4	6.8	2.15	1.423333	2.765
10.955	9.16	10	6.85	4.333333	8.42	7.92	3.333333	10	6.816667	7.43	5	11.91	10	10	3.333333	8.55	8.325	10	0	3.333333	11.91	11.91	0	2.535	4.69	10	11.91	8.92	6.3575	8.6
0.3766667	0.08	6.3	0.03	0.025	0.15	0.01	0	6.3	0	0	0	0.0266667	0.0275	0	0	0	0.32	0.035	0	0	0	0.0775	0	0.0175	0	6.3	0.035	0	0.012	0.034
9.21	0.2625	0	0	0	0	0	0	9.21	0.8933334	0.9933333	0	9.21	0.8	0	0	0.1366667	0.1033333	0	0	0.3066667	0	1.13	0	3.125	0	1.19	0	0.9633334	0.1525	0.0366667
0	0	0	0	0	4.98	0	0	0	0	0	0	4.98	0	0	0	0	0	4.98	0	0	4.98	0	0	0	0	0	0	0	0	0.0025
0.3766667	0.08	6.3	0.03	0.025	0.15	0.01	0	6.3	0	0	0	0.0266667	0.0275	0	0	0	0.32	0.035	0	0	0	0.0775	0	0.014	0	6.3	0.0466667	0	0.012	0.034
12.5	12.77	8.7	6.37	0.005	0	4.445	10	10	0.4733333	1.36	0.4066667	13.29	8.59	5	0.0033333	2.95	4.87	8.9	10	1.02	0	5.77	0	0	0.33	0	0	0.085	0.1966667	2.4475
0.3766667	0.08	6.3	0.03	0.025	0.15	0.01	0	6.3	0	0	0	0.0266667	0.0275	0	0	0	0.32	0.035	0	0	0	0.0775	0	0.014	0	6.3	0.035	0	0.012	0.034
0	0	0.21	0	0.1	0	0.0033333	0	0.1375	0.1666667	0.34	0.4066667	0	0.73	0	0.1466667	0.0266667	0.02	0	0	0.38	6.3	0.01	0	0	0.035	0	0.17	0.0375	0.0025	0.074
7.9	3.696667	4.64	3	2.605	7.9	2.81	1.133333	4.88	1.12	1.383333	1.11	7.9	5.5	7.9	0.8	2.363333	6.18	2.666667	7.9	1.48	7.9	7.2	2.3	3.593333	1.725	4.875	0	2.05	3.933333	4.04
0.3766667	0.08	6.3	0.03	0.025	0.15	0.01	0	6.3	0	0	0	0.0266667	0.0275	0	0	0	0.32	0.035	0	0	0	0.0775	0	0.014	0	0	0.035	0	0.015	0.034
0	1.76	0.325	0	0	0	0.35	0.1033333	0.795	0.4466667	0.52	0.0333333	0	0	0	0.1666667	0.8666666	0.27	0.23	0.055	0.1866667	0.35	0.21	0.25	0	0.0366667	0.05	0	0.3833333	0	0.0125
1.89	5.088	3.213333	1.016667	1.3975	3.64	3.6175	4.98	3.0075	3.675	2.855	3.805	0.2	0.3825	9.1775	2.54	2.6225	10.63	4.04	0.3333333	4.11	2.4	0.2975	0.79	3.258	3.4825	7.06	0.16	2.312	2.622	0
0	6.43	8.56	5.77	6.9	7.22	6.78	7.28	7.92	7.99	6.68	8.62	6.51	10	2.96	7.38	7.66	7.72	8.48	7.3	6.9	6.72	5.01	6.49	8.52	7.69	5.84	6.07	7.41	8.11	6.34
3.66	0	4.04	6.5	3	0.77	3.37	3.59	10.25	6.9	5.33	2.9	5.15	1.9	3.01	7.28	6.92	2.82	1.53	4.7	6.09	0	0.26	10.84	1.15	3.62	0.83	4.22	8.3	6.67	1.66
2.67	15.23	0	8.55	15.45	3.62	13.87	14.26	17.37	19.62	14.56	21.7	18.31	0.87	4.51	17.96	20.31	19.51	5.98	4.97	8.89	13.85	10.92	14.99	17.43	16.03	19.74	7.41	21.47	7.2	12.82
9.12	14.35	19.51	0	7.61	11.46	10.01	18.09	10.62	14.08	11.59	10.01	12.6	10	9.62	11.25	15.83	16.34	22.08	14.94	16.06	19.75	5.23	12.43	6.5	9.92	16.49	10.68	15.97	10.07	11
6.96	1.08	8.38	2.03	0	2.18	5.46	3.6	3.81	6.23	8.63	7.88	8.45	1.94	2.37	5.16	7.5	7.33	5.55	5.34	7.27	3.36	1.89	4.09	7.77	6.41	5.46	9.1	6.6	2.71	3.71
11	11	11	11	11	0	11	11	11	11	11	11	11	11	11	11	11	11	11	11	11	11	11	11	11	11	11	11	11	11	11
34.06	20.11	26.4	22.8	32.33	13.81	0	29.38	19.82	73.34	24.96	30.29	20.63	28.96	30.5	24.5	19.81	40.72	34.23	57.56	30.9	20.74	36.57	48.72	29.39	34.69	13.43	38.58	42.7	37.52	28.15
4.75	8.91	6.3	8.61	11.44	8.27	8.82	0	6.3	0	0	0	13.98	4.51	6.26	0	0	16.62	13.3	13.8	0	15.59	12.8	0	12.93	0	6.3	18.42	0	11.46	8.58
22.14	5.23	17.99	12.06	6.75	18.39	18.63	9.97	0	14.43	10.79	10	17.62	9.3	8.29	14.58	14.02	11.72	14.15	3.36	12.99	7.56	8.12	1.03	50	22.45	14.23	7.72	11.3	11.54	12.2
4.75	8.91	6.3	8.61	11.44	8.27	8.82	0	6.3	0	0	0	13.98	4.51	6.26	0	0	16.62	13.3	13.8	0	15.59	12.8	0	12.93	0	6.3	18.42	0	11.46	8.58
4.75	8.91	6.3	8.61	11.44	8.27	8.82	0	6.3	0	0	0	13.98	4.51	6.26	0	0	16.62	13.3	13.8	0	15.59	12.8	0	12.93	0	6.3	18.42	0	11.46	8.58
4.75	8.91	6.3	8.61	11.44	8.27	8.82	0	6.3	0	0	0	13.98	4.51	6.26	0	0	16.62	13.3	13.8	0	15.59	12.8	0	12.93	0	6.3	18.42	0	11.46	8.58
8.35	4.98	25.41	1.28	15.46	0.26	7.19	16.71	17.03	28.57	23.35	10.78	0	21.71	17.72	36.05	16.76	16.97	34.27	29.12	22.15	30	62.21	22.4	0	24.88	20.11	25.13	41.42	20.16	22.82
14.23	9.97	13.15	43.98	66.88	27.48	49.67	62.4	60.01	73.27	50.86	0	60	0	63.21	48.82	74.05	48.52	16.18	27.48	61.11	5.03	64.45	270	10	14.35	65	65	112.05	56.54	33.53
5.31	17.01	18.99	5.59	11.11	5.23	14.76	7.15	22.79	17.02	14.48	11.15	25.71	5.67	0	14.46	16.93	14.43	12.9	32.53	14.86	14.42	13.69	5	12.51	6.22	3.23	23.91	12.33	15.2	12.18
4.75	8.91	6.3	8.61	11.44	8.27	8.82	0	6.3	0	0	0	13.98	4.51	6.26	0	0	16.62	13.3	13.8	0	15.59	12.8	0	12.93	0	6.3	18.42	0	11.46	8.58
4.75	8.91	6.3	8.61	11.44	8.27	8.82	0	6.3	0	0	0	13.98	4.51	6.26	0	0	16.62	13.3	13.8	0	15.59	12.8	0	12.93	0	6.3	18.42	0	11.46	8.58
3.72	31.21	23.97	15.11	7.38	5.55	9.86	4.16	7.93	13.46	13.55	19.03	11.65	3.58	4.08	8.25	11.99	0	8.99	7.21	13.31	15.51	8.57	7.23	14.22	10.43	8.56	12.92	14.97	17.89	6.71
12.6	20.94	18.71	37.33	10.18	16.2	16.91	22.03	24.25	23.47	15.44	48.36	31.41	4.5	11.94	10.44	18.21	13.92	0	14.17	9.57	13.78	10.34	31.74	10.89	14.17	6.29	17.6	21.87	12.92	13.07
11	9.21	16.77	10.86	10.17	13.91	15.68	8.99	5.68	14.43	8.95	19.28	11.09	15.6	14.56	2.4	16.35	15.66	10.14	0	13.24	10.4	18.31	19.72	16.67	18.67	14.23	19.43	15.5	10.81	10.4
4.75	8.91	6.3	8.61	11.44	8.27	8.82	0	6.3	0	0	0	13.98	4.51	6.26	0	0	16.62	13.3	13.8	0	15.59	12.8	0	12.93	0	6.3	18.42	0	11.46	8.58
0.6	9.56	11.78	11.2	5.74	7.78	4.72	9.12	10.25	8.19	9.64	11.34	8.69	6.06	5.11	8.76	7.94	7.92	5.68	8.34	9.42	0	5.53	13.47	17.28	8.43	10.7	5.23	9.77	9.13	4.32
0.13	0	0.05	0.85	0.02	0.12	0.13	0.97	1.19	0.38	0.98	0	0.26	0.43	0	3.8	0.19	15.02	0.62	1.87	0.72	0.39	0	0	3.4	0.03	1.32	10.18	0.93	4.45	0.8
4.75	8.91	6.3	8.61	11.44	8.27	8.82	0	6.3	0	0	0	13.98	4.51	6.26	0	0	16.62	13.3	13.8	0	15.59	12.8	0	12.93	0	6.3	18.42	0	11.46	8.58
20.11	12.7	19.25	13.51	14.13	1.67	12.13	19.27	16.97	12.55	10.28	26.78	25.66	16.48	8.45	18.38	25.15	16.01	2.59	23.59	15.27	9.07	13.02	16.51	0	20.26	10.85	15.69	13.54	14.83	15.36
4.75	8.91	6.3	8.61	11.44	8.27	8.82	0	6.3	0	0	0	13.98	4.51	6.26	0	0	16.62	13.3	13.8	0	15.59	12.8	0	12.93	0	6.3	18.42	0	11.46	8.58
7.92	22.38	26.6	17.22	16.18	11.03	17.51	18.66	20.19	19.34	15.85	22.83	17.12	4.26	2.31	21.56	19.79	14.78	13.36	14.21	16.68	11.83	17.08	17.75	22.92	28.53	0	17.08	19.38	15.07	14.17
3.17	14.04	6.31	3.19	1.74	4.35	3.47	10.37	9.99	4.29	11.29	0.91	3.26	4.85	3.39	1.95	5.06	16	2.36	3	7.64	0.44	6.55	6.5	0.14	3.04	4.97	0	4.23	9.6	3.68
4.75	8.91	6.3	8.61	11.44	8.27	8.82	0	6.3	0	0	0	13.98	4.51	6.26	0	0	16.62	13.3	13.8	0	15.59	12.8	0	12.93	0	6.3	18.42	0	11.46	8.58
1.28	6.08	5.12	0.69	1.15	1.53	2.63	5.11	9.49	6.42	5.48	11.54	1.18	0.31	1.41	1.72	8.12	4.05	4.64	6.6	7.13	5	3.96	4.71	1.07	9.31	5.42	1.68	6.7	0	1.35
5.95	14.33	5.21	11.76	10.94	9.44	9.69	6.2	5.51	14.51	6.23	4.72	10.06	10.73	8.26	11.09	11.29	32.8	23.55	15.7	11.32	14.44	11.39	5.68	14.72	16.63	10.39	15.7	22.67	12.12	0
0	18.12	17.91333	18.24333	18.10333	18.84333	18.47667	11.75	8.985	18.42	16.54333	12.36	22	16.94333	17.97667	10	17.69333	16.25667	18.17667	16.98333	17.78	18.5	15.005	17.67	17.58667	17.00667	17.96667	18.74667	18.17333	18.16	18.40333
13.72667	0	23.21667	11.85667	16.11	13.59	13.56667	35.90667	26.58333	17.32667	23.43	25.30667	12.44667	9.413334	14.06	14.02333	22.83333	18.93	18.16333	12.64667	14.13333	0.0066667	23.42333	29.59667	22.42667	22.19	24.07	12.20333	19.98333	22.15	14.1
3.036667	10.72667	0	9.806666	15.54333	12.18	18.84667	18.88333	17.18333	17.17333	16.53333	18.79333	16.14	9.386666	11.76	15.08667	17.74	15.39333	11.19	11.25	15.96667	3.963333	16.11667	19.38333	11.56667	16.49667	14.13667	11.03667	17.05	16.2	14.79667
15.00333	14.05333	26.66667	0	19.86	17.95333	15.13667	11.68	11.8	16.03667	16.06	20	20.395	15.98	19.51333	11.8	17.06	17.51	19.64	19.68333	14.16667	23.33333	20	19.85667	21.04333	18.27	22.01333	35	14.63333	17.87667	14.40333
9.443333	12.59	21.24667	19.36	0	14.89	18.27333	20.14333	18.41333	19.29333	20.17333	19.84	22.33333	14.86667	21.80667	16.44	19.76667	17.19	19.17667	16.96	16.15667	7.77	15.73333	19.81	14.1	20.77	15.04	19.37667	19.63333	8.773334	19.64333
11	11	11	11	11	0	11	7.333333	11	11	11	11	11	11	11	11	11	11	11	11	11	11	11	11	11	11	11	11	11	11	11
41.19	45.37667	54.54667	49.06667	58.23333	42.63	0	60.12	68.08667	53.13667	56.33333	50.94	51.59	52.93	61.29	30.12667	62.05	63.82333	62.29333	28.14	57.57	46.85333	64.20667	52.08333	49.47334	50.88667	55.73	54.37	57	59.42	62.12
0.18	5.636667	6.3	1.326667	8.393333	1.79	4.556667	0	6.3	0	0	0	10.19333	0.51	0.8966666	0	0	9.806666	0.6533333	0.28	0	4.15	9.683333	0	4.776667	0	6.3	3.156667	0	9.666667	3.873333
7.82	17.74333	23.60667	15.6	14.23	32.33333	21.75	26.47667	0	22.54667	21.81667	27.50333	23.19667	24.19667	26.78667	21.52	24.96	17.75	20.79333	20.47333	20.79333	7.84	21.11333	27.66667	19.22	19.83	20.89667	22.80333	20.93333	21.44	23.63667
0.18	5.636667	6.3	1.326667	8.393333	1.79	4.556667	0	6.3	0	0	0	10.19333	0.51	0.8966666	0	0	9.806666	0.6533333	0.28	0	4.15	9.683333	0	4.776667	0	6.3	3.156667	0	9.666667	3.873333
0.18	5.636667	6.3	1.326667	8.393333	1.79	4.556667	0	6.3	0	0	0	10.19333	0.51	0.8966666	0	0	9.806666	0.6533333	0.28	0	4.15	9.683333	0	4.776667	0	6.3	3.156667	0	9.666667	3.873333
0.18	5.636667	6.3	1.326667	8.393333	1.79	4.556667	0	6.3	0	0	0	10.19333	0.51	0.8966666	0	0	9.806666	0.6533333	0.28	0	4.15	9.683333	0	4.776667	0	6.3	3.156667	0	9.666667	3.873333
2.24	11.93333	11.65333	1.613333	10.69333	2.533333	13.16	11.04	0	11.96333	12.16333	12.05667	0	3.11	2.333333	12.67333	11.44	12.62667	10.85333	5.15	13.38333	5.54	12.91	13.14	0	11.41333	11.66	13.10667	12.28333	11.12667	8.833334
35	46.42667	61.79333	45.02	62.24	27.48	53.44667	46.06333	66.96	49.17333	53.06667	62.5	60	0	63.32	45.98	53.64333	63.26	61.05667	62.56	66.5	27.10667	63.33333	64.205	35	45.62333	55.92667	21.24	56.48	55.07333	55.91333
0	17.94667	23.65333	19.51	16.15	20.76333	27.44	22.33667	19.69	23.37	17.72667	12.5	15	18.32	0	11.25	23.47	19.44667	21.56667	28.32667	21.65	9.49	20	18.8	12.51	22.86	26.39667	27.30333	19.09333	17.29333	25.90667
0.18	5.636667	6.3	1.326667	8.393333	1.79	4.556667	0	6.3	0	0	0	10.19333	0.51	0.8966666	0	0	9.806666	0.6533333	0.28	0	4.15	9.683333	0	4.776667	0	6.3	3.156667	0	9.666667	3.873333
0.18	5.636667	6.3	1.326667	8.393333	1.79	4.556667	0	6.3	0	0	0	10.19333	0.51	0.8966666	0	0	9.806666	0.6533333	0.28	0	4.15	9.683333	0	4.776667	0	6.3	3.156667	0	9.666667	3.873333
3.88	10.15667	15.75333	9.483334	14.74333	7.713334	6.973333	14	14.83667	11.77667	11.53333	11.20333	7.23	6.136667	6.673334	14.48333	13.82333	0	7.706667	9.223333	14.40667	13.08	16.46667	16.77333	6.003333	12.63333	14.01333	7.063334	14.41667	13.90333	6.616667
6.876667	6.806667	11.26	9.94	10.68	7.205	11.46333	10.07	10.83667	10.11333	10.84	6.78	11.19667	11.14	11.29	9.7	10.53667	11.08667	0	11.01333	10.59	6.786666	10.73667	10.86333	9.13	8.706667	11.26667	10.25667	10.65333	10.23	10.82667
13.72667	17.53667	15.80667	16.26	16.52667	17.48	18.48	19.68333	10.83	17.53333	17.47333	16.66667	16.265	15.76333	17.91667	18.04667	17.27667	17.51667	18.30667	0	16.14667	10.115	17.5	15.68667	9.93	17.27333	18.19	19.86333	15.89333	18.04	18.14333
0.18	5.636667	6.3	1.326667	8.393333	1.79	4.556667	0	6.3	0	0	0	10.19333	0.51	0.8966666	0	0	9.806666	0.6533333	0.28	0	4.15	9.683333	0	4.776667	0	6.3	3.156667	0	9.666667	3.873333
8.52	23.73667	16.83667	20.49333	20.91333	23.69	24.07	24.30333	25.02	16.94667	17.73333	30.535	20.13667	18.38667	21.48667	7.91	19.93333	14.46667	18.78667	24.31333	18.87667	0	23.31667	20.82667	16.93	22.72	16.90667	20.80667	19.71	18.56667	20.20667
10.36667	13.03333	0	10.82667	11.51333	13.70333	11.80667	0	0	0	0	0	16.89667	8.063334	12.83	0	0	12.82667	7.186666	12.82333	0	7.606667	0	0	12.69333	0	0	17.78	0	16.05333	12.96667
0.18	5.636667	6.3	1.326667	8.393333	1.79	4.556667	0	6.3	0	0	0	10.19333	0.51	0.8966666	0	0	9.806666	0.6533333	0.28	0	4.15	9.683333	0	4.776667	0	6.3	3.156667	0	9.666667	3.873333
15.24	24.38	47.08	46.54667	34.18333	23.335	52.36667	34.02666	35.58	40.46	36.84333	43.28667	32.25667	41.81333	55.37333	39.58667	41.94333	32.45333	56.87333	42.21333	43.92667	39.72667	62.575	40.82667	0	44.92	29.06667	39.79	37.42	42.81333	48.97334
0.18	5.636667	6.3	1.326667	8.393333	1.79	4.556667	0	6.3	0	0	0	10.19333	0.51	0.8966666	0	0	9.806666	0.6533333	0.28	0	4.15	9.683333	0	4.776667	0	6.3	3.156667	0	9.666667	3.873333
0.0233333	9.896667	9.446667	1.6	9.963333	1.69	5.84	11.03667	10.31	11.44333	9.936666	11.15	10.11667	0.3033333	1.106667	9.926667	11.21	9.566667	0.4133333	1.203333	9.083333	4.743333	9.526667	11.27333	4.973333	10.2	0	3.223333	10.61667	10.39333	4.873333
6.616667	8.096666	11.90333	6.36	13.90667	7.9	14.11667	6.83	7.856667	5.086667	4.693333	4.023334	10.23	10.20333	13.92333	4.836667	5.18	10.75333	11.38333	14.13667	4.846667	4.906667	8.423333	6.61	7.19	4.55	7.496667	0	5.023333	12.47667	9.683333
0.18	5.636667	6.3	1.326667	8.393333	1.79	4.556667	0	6.3	0	0	0	10.19333	0.51	0.8966666	0	0	9.806666	0.6533333	0.28	0	4.15	9.683333	0	4.776667	0	6.3	3.156667	0	9.666667	3.873333
3.736667	8.583333	10.58667	9.616667	4.893333	12.74	11.89667	11.13667	7.586667	10.30667	10.61333	8.793333	11.08	8.646667	14.04333	8.78	10.33667	11.31667	13.69333	11.9	8.886666	6.61	8.37	11.58667	9.309999	9.803333	9.553333	10.37333	9.826667	0	12.42
2.966667	10.04	10.99667	1.823333	11.42667	8.183333	8.396667	4.586667	11.84667	17.91	4.803333	8.623333	10.29	1.966667	3.243333	7.1	9.423333	21.45333	10.86	4.983334	10.36333	8.103333	9.849999	5.916667	5.703333	25.03	22.61	3.84	16.86333	14.53333	0
0	12.5	13	9.52	7.77	8.94	12.4	12.43	12.5	10.22	11.24	12.5	12.53	12.47	10.41	12.53	10.59	11.8	11.65	12.5	7.61	12.5	12.53	6.52	13	8.56	9.43	12.53	12.22	11.5	8.72
5	0	6.18	5.81	4.54	3.85	3.03	9.88	5.62	9.27	6.56	5.78	0.74	3.41	6.11	10	5.34	6.37	4.04	4.38	12.85	0	7.49	3.28	7.22	4.56	8.76	11.01	9.4	5.47	3.05
6.3	8.82	0	5.55	4.25	1.52	9.63	7.49	8.45	7.99	7.64	12.85	6.35	3.24	2.67	10.95	7.73	6.36	3.97	3.41	7.67	2.5	5.87	7.9	9.53	7.98	6.82	1.83	10.12	4.82	5.87
3.88	10	10	0	10	10	13.89	10	1.33	10.09	10.68	15	13.02	11.81	12.25	14.32	6.81	6.34	10.41	10	10.02	15	13.02	5.93	0	3.53	10	13.02	10.14	4.97	0.22
4	0.33	7.04	1.92	0	0.51	5.01	6.35	3.79	6.53	3.16	7.75	0.14	4.17	4.93	6.72	4.36	7.68	6.46	2.94	5.08	4.05	2.96	0.53	1.12	5.93	7.1	6.98	6.87	0.92	5.22
11	11	11	11	11	0	11	11	10.94	11	11	11	10.94	11	11	10.94	11	11	11	11	11	11	11	11	11	11	11	10.94	11	11	11
30.29	27.35	27.24	27.57	15.91	20	0	44.31	44.56	37.54	29.6	30.29	30.29	22.82	20.69	30.29	25.31	30.1	26.66	38	27.25	24.33	46.13	24.63	28.23	26.94	44.33	39.89	25.54	20.52	20.27
0.51	4.14	6.3	0.36	3.26	0.32	1.28	0	6.3	0	0	0	4.25	3.3	0.39	0	0	2.47	0.06	2.61	0	3.24	3.85	0	1.85	0	6.3	3.59	0	4.36	1.8
0	3.8	3.01	1.56	1.64	0.05	5.74	2.05	0	1.36	1.8	6.91	3.43	3.94	2.41	0.71	2.69	3.78	3.06	5.54	3.01	3.6	3.56	2.79	5.37	3.6	3.23	3.81	2.82	0.66	2.45
0.51	4.14	6.3	0.36	3.26	0.32	1.28	0	6.3	0	0	0	4.25	3.3	0.39	0	0	2.47	0.06	2.61	0	3.24	3.85	0	1.85	0	6.3	3.59	0	4.36	1.8
0.51	4.14	6.3	0.36	3.26	0.32	1.28	0	6.3	0	0	0	4.25	3.3	0.39	0	0	2.47	0.06	2.61	0	3.24	3.85	0	1.85	0	6.3	3.59	0	4.36	1.8
0.51	4.14	6.3	0.36	3.26	0.32	1.28	0	6.3	0	0	0	4.25	3.3	0.39	0	0	2.47	0.06	2.61	0	3.24	3.85	0	1.85	0	6.3	3.59	0	4.36	1.8
6.3	4.4	6.63	6.3	7.86	6.3	11.36	9.88	0	10.09	8.06	11.23	0	0.51	2.75	12.1	7.7	6.46	12.1	6.3	8.58	4.4	5.87	11.34	0.59	11.75	5.83	4.4	8.97	9.89	4.97
27.48	27.48	27.48	27.48	60	27.48	27.48	60	60	60	60	27.48	27.48	0	60	27.48	60	60	60	27.48	60	60	55	60	27.48	60	60	27.48	60.06	60	59.22
30	22.61	20	20	19.42	12.51	23.89	27.19	30	25.86	22.59	12.51	12.51	7.38	0	12.51	29.84	25.59	20.1	30	20.08	19.05	20.18	7.6	12.51	24.43	20.13	12.51	16.46	18.88	24.87
0.51	4.14	6.3	0.36	3.26	0.32	1.28	0	6.3	0	0	0	4.25	3.3	0.39	0	0	2.47	0.06	2.61	0	3.24	3.85	0	1.85	0	6.3	3.59	0	4.36	1.8
0.51	4.14	6.3	0.36	3.26	0.32	1.28	0	6.3	0	0	0	4.25	3.3	0.39	0	0	2.47	0.06	2.61	0	3.24	3.85	0	1.85	0	6.3	3.59	0	4.36	1.8
0.01	0.12	5.03	2.16	2.17	0.18	0.31	0.92	2.04	3.97	4.12	11.6	0.26	4.35	8.78	1.51	4.09	0	0.42	0.05	3.44	3.39	1.96	0.06	0.21	3.83	1.76	0.35	3.83	1.56	2.4
15	10.9	11	10.47	9.45	10.71	10.17	11	11	9.75	10.61	13	8.53	9.77	10.92	11	9.85	10.44	0	10	10.67	9.95	11	11	10.98	10.05	11	8.53	9.26	8.99	9.17
19.64	17.02	18.6	15.55	16.03	13.98	19.84	20	16.67	16.35	15.71	11.91	11.91	19.93	17.72	11.91	18.15	17.61	20	0	15.07	11.91	13.14	11.82	11.91	17.27	18.21	11.91	14.73	14.48	15.01
0.51	4.14	6.3	0.36	3.26	0.32	1.28	0	6.3	0	0	0	4.25	3.3	0.39	0	0	2.47	0.06	2.61	0	3.24	3.85	0	1.85	0	6.3	3.59	0	4.36	1.8
3.61	8.9	11.9	9.8	6.96	4.06	6.67	13.61	15	0.06	7.53	15	9.21	7.65	4.83	7.83	7.74	9.58	3.93	5.5	10.63	0	14.5	0.08	14.5	0.32	13.22	9.21	5.47	7.39	6.75
0	2.7	0	0.01	0.33	0	0	0	0	0	0	0	1.11	0	0	0	0	3.38	0	0	0	3.9	0	0	0	0	0	4.98	0	0.33	0.83
0.51	4.14	6.3	0.36	3.26	0.32	1.28	0	6.3	0	0	0	4.25	3.3	0.39	0	0	2.47	0.06	2.61	0	3.24	3.85	0	1.85	0	6.3	3.59	0	4.36	1.8
10	9.64	12.31	15.79	7.43	8.6	14.56	11.04	19.62	5.68	7.78	20.56	6	16.84	10.66	13.29	8.11	11.09	13.4	10	10.39	12.31	10	5.76	0	7.45	5.63	5.49	8.29	9.48	11.63
0.51	4.14	6.3	0.36	3.26	0.32	1.28	0	6.3	0	0	0	4.25	3.3	0.39	0	0	2.47	0.06	2.61	0	3.24	3.85	0	1.85	0	6.3	3.59	0	4.36	1.8
0	2.31	8.95	0	3.89	3.67	1.45	5.38	5.91	3.9	4.86	4.88	3.39	1.73	0.62	6.61	5.79	3.48	0.9	3.81	3.51	1.45	6.28	11.78	3.78	9.22	0	6	6.06	4.34	3.89
7.9	7	7.84	10.77	2.2	2.56	5.81	1.45	6.45	4.52	2.4	2	11.59	7.2	10.12	3	5.25	9.45	6.26	7.9	2.61	7	7.9	4.34	7.67	5.76	4.9	0	3.31	3.6	4.79
0.51	4.14	6.3	0.36	3.26	0.32	1.28	0	6.3	0	0	0	4.25	3.3	0.39	0	0	2.47	0.06	2.61	0	3.24	3.85	0	1.85	0	6.3	3.59	0	4.36	1.8
0.01	2.25	3.28	0.16	0.39	0.31	6.74	2.74	7.2	2.69	3.08	4.17	0.25	0.69	0.24	4.22	4.05	3.56	4.95	3.16	2.7	0.5	1.93	5.14	0.2	2.74	2.98	0	4.17	0	2
3.97	14.64	8.99	3.49	3.91	2.09	2.74	4.34	6.74	7.55	2.55	18.74	4.44	5.53	8.03	8.77	9.45	23.37	2.62	3.23	6.97	21.25	3.96	10.96	2.91	24.48	15.63	8.87	10.87	6.03	0
0	15.415	14.98	15.025	13.725	12.815	15.01	16.84	14.835	15.35	14.99	16.43	15	15	10.57	15.515	15.09	15.21	15.805	15.64	15.04	15	14.74	14.165	13.765	16.1	16.865	18.5	15.285	14.06	15.315
4.995	0	7.975	8.645	4.435	5.08	7.52	8.950001	9.049999	8.965	9.264999	9.305	7.07	5.21	8.360001	11.125	9.425	8.57	6.83	3.92	7.725	0	6.35	4.965	7.975	6.21	10.12	3.555	8.51	7.705	6.435
1	7.595	0	1.535	2.21	0.45	10.835	8.955	8.795	7.46	6.715	8.79	8.625	6.82	6.69	5.96	8.575	6.66	6.235	3.04	7.775	3.86	5.39	3.23	0.955	2.505	5.305	4.8	6.455	4.26	6.815
6.74	11.36	13.325	0	4.24	0.205	8.1	8.625	6.455	7.53	8.985001	11.5	14.81	6.485	15	7.245	7.68	7.865	11.41	7.46	10.985	10	9.5	7.595	15.295	5.395	8.99	15	6.625	5.77	6.57
0.41	6.035	7.36	3.76	0	0	2.82	7.46	4.81	3.845	5.455	4.455	5.205	2.565	4.665	7.12	4.915	6.02	2.66	6.09	7.045	5.79	6.05	1.365	3.575	3.51	6.805	10.2	4.715	0.51	4.555
9.305	10.805	10.975	9.99	10.865	0	11	10.205	10.515	10.315	10.78	10.94	7.66	11	11	9.514999	10.71	10.765	10.645	9.92	10.94	8.27	9.165	8.25	10.425	9.905001	10.705	11	10.35	10.59	10.285
47.65	26.485	18.07	13.815	11.445	2	0	40.685	25.15	29.06	25.99	45	37.045	20.3	16.175	37.035	29.615	29.085	29.44	55	28.33	12.975	18.11	2.4	20	34.12	22.17	50	22.525	28.735	28.775
0	5.565	6.3	0	2.665	0	0	0	6.3	0	0	0	6.385	0	0	0	0	6.24	0	0	0	2.765	5.365	0	0	0	6.3	6.76	0	3.455	4.445
0	1.565	4.005	2.16	1.51	1.75	5.62	3.815	0	4.055	3.505	3.365	1.52	4.81	5.005	4.76	2.125	4.54	6.74	4.165	3.92	3.22	1.835	0.84	3.41	2.1	3.035	3.49	3.53	3.695	3.445
0	5.565	6.3	0	2.665	0	0	0	6.3	0	0	0	6.385	0	0	0	0	6.24	0	0	0	2.765	5.365	0	0	0	6.3	6.76	0	3.455	4.445
0	5.565	6.3	0	2.665	0	0	0	6.3	0	0	0	6.385	0	0	0	0	6.24	0	0	0	2.765	5.365	0	0	0	6.3	6.76	0	3.455	4.445
0	5.565	6.3	0	2.665	0	0	0	6.3	0	0	0	6.385	0	0	0	0	6.24	0	0	0	2.765	5.365	0	0	0	6.3	6.76	0	3.455	4.445
12.21	9.365	5.665	5	8.25	0	10.235	5.675	0	3.82	6.995	8.84	0	16.05	11.4	4.18	6.665	6.805	10.225	0	7.04	6.3	0.795	3.115	0	5.325	3.585	10.865	6.83	6.135	4.585
10.13	52.835	34.065	62.88	40.595	9.055	38.215	41.295	30.645	37.455	44.885	27.48	65	0	32.24	61.47	39.215	42.39	45.515	65	46.005	55.02	51.135	5	10	28.94	27.965	27.48	35.955	31.38	29.64
6.755	18.47	12.91	7.105	7.715	5.07	26.53	19.88	15.35	16.79	12.03	12.51	18.495	12.24	0	15	10.64	17.57	18.045	30.83	16.295	19.34	18.18	15	12.51	18.335	11.64	15	14.03	9.065001	7.225
0	5.565	6.3	0	2.665	0	0	0	6.3	0	0	0	6.385	0	0	0	0	6.24	0	0	0	2.765	5.365	0	0	0	6.3	6.76	0	3.455	4.445
0	5.565	6.3	0	2.665	0	0	0	6.3	0	0	0	6.385	0	0	0	0	6.24	0	0	0	2.765	5.365	0	0	0	6.3	6.76	0	3.455	4.445
0	2.795	1.855	0	0.085	0	0	1.45	1.47	1.645	0.92	1.45	0	0	0	1.795	1.26	0	0	0	1.28	0	1.945	0.17	0.785	0.07	0.44	0	1.34	0.325	0.215
6.5	9.21	10.935	6.28	7.465	1.56	4.205	10.68	10.285	9.969999	10.32	13	11	8.265	10.095	11	9.02	8.99	0	4.875	7.63	7.405	10.95	1.24	6.64	10.695	10.195	8.67	9.165	6.82	6.74
5.035	11.145	6.64	4.205	7.7	2.915	8.345	11.71	11.035	8.37	10.32	14	12.48	5.13	10.68	11.26	8.57	10.045	12.185	0	11.16	8.165	11.25	5	10	5.25	10.055	11.91	7.785	8.235001	7.795
0	5.565	6.3	0	2.665	0	0	0	6.3	0	0	0	6.385	0	0	0	0	6.24	0	0	0	2.765	5.365	0	0	0	6.3	6.76	0	3.455	4.445
10.98	8.895	9.095	9.41	9.805	17	10.985	10.435	10.995	4.285	8.45	0	4.05	9.08	13.425	8.82	10.52	8.845	13.035	7.565	10.54	0	9.39	7.18	11.06	7.62	11.1	0	8.809999	7.58	10.575
0	0.45	0	0	1.005	0	0	0	0	0	0	0	3.65	0.195	0	0	0	1.235	0	0	0	0.31	0	0	0	0	0	7.82	0	0.935	1.715
0	5.565	6.3	0	2.665	0	0	0	6.3	0	0	0	6.385	0	0	0	0	6.24	0	0	0	2.765	5.365	0	0	0	6.3	6.76	0	3.455	4.445
4.91	7.845	9.915	9.79	4.095	8.29	13.81	12.685	9.555	8.465	9.12	13.055	9.14	9.715	9.68	10.045	6.52	8.280001	13.37	3.105	9.96	11.415	5.23	9.485001	0	7.8	7.59	15.545	7.285	7.37	8.48
0	5.565	6.3	0	2.665	0	0	0	6.3	0	0	0	6.385	0	0	0	0	6.24	0	0	0	2.765	5.365	0	0	0	6.3	6.76	0	3.455	4.445
0	1.745	7.425	0	3.195	0	0	6.435	6.745	7.36	6.595	7.62	6.51	0	0	7.275	5.88	6.52	0	0	6.72	2.2	4.635	4.295	0	3.25	0	5.75	6.335	5.555	4.93
0	13.88	5.135	12.47	6.985	0	13.48	7.215	11.43	4.285	2.89	2.615	14.72	14.715	10.85	5.785	2.98	11.01	5.71	11	5.515	7.9	10.03	1.6	5.4	2.955	7.66	0	3.955	8.705	8.675
0	5.565	6.3	0	2.665	0	0	0	6.3	0	0	0	6.385	0	0	0	0	6.24	0	0	0	2.765	5.365	0	0	0	6.3	6.76	0	3.455	4.445
0	1.78	1.97	0	0.145	0	3.5	2.855	1.495	1.745	1.55	2.355	0.26	0.01	0	3.005	1.22	1.635	2.47	2.57	1.98	1.12	1.23	0.435	0	1.625	1.405	0	1.21	0	1.325
2.325	12.255	7.75	2.305	4.03	7.31	4.33	5.81	8.765	9.745	3.585	6.7	5.135	9.995	6.39	8.375	7.115	12.645	13.5	6.98	7.52	13.48	5.5	11.59	4.47	14.3	16.845	8.71	9.58	4.805	0
0	12.53	0	0	0.13	0	0	12.53	12.53	0.14	0.46	12.53	12.53	12.53	12.53	12.53	0.17	1.57	0	0	0.02	12.53	12.53	0	0.23	0.08	3.79	12.53	0.13	0.32	0.02
11.01	0	0	0	0	11.01	0	0	0	0	0	11.01	11.01	11.01	0	0	0	0.09	0	11.01	0	0	1.32	11.01	0.06	0	0	11.01	0.01	0	0
6.3	0	0	6.3	8.77	6.3	0.58	7.24	9.08	7.23	11.48	6.3	12.19	5.17	6.3	5.63	12.33	5.45	2	6.3	11.02	6.3	13.6	6.3	2	13.73	5.61	5.17	8.11	3.26	8.52
0	0	4	0	0.03	0	0	0	13.02	0.11	0.06	0	13.02	13.02	13.02	13.02	0	0	0	0	0.01	13.02	0	13.02	0	0	0.02	0	0.08	0.03	0
5.7	0.1	8.86	5.7	0	6.98	0	0.08	8.86	7.74	5.46	6.98	5.23	5.7	6.98	8.86	8.71	8.81	5.73	5.7	8.82	6.98	5.24	8.86	0	8.66	8.85	8.86	8.41	3.04	5.5
11	11	11	11	11	0	11	11	10.94	11	11	10.94	11	10.94	10.94	10.94	11	11	11	11	11	10.94	10.94	10.94	11	11	11	11	11	11	11
11.85	12.63	11.85	29.08	11.91	30.29	0	11.85	12.41	12.16	13.46	35	11.85	11.85	16.05	33	11.91	13.36	12.84	11.85	12.32	13.17	13.88	30.29	27.4	32.69	31.8	30.29	12.38	12.07	13.22
1.46	1.31	6.3	1.06	3.42	6.3	0	0	6.3	0	0	0	5.05	1.94	1.9	0	0	1.29	0.72	1.45	0	6.22	5.65	0	0.02	0	6.3	6.17	0	2.55	2.19
6.3	0.76	0.65	6.3	0.36	6.3	0.02	0.47	0	0.7	2.1	0.76	0.05	6.3	6.3	0	0.71	0.13	6.3	6.3	0.64	6.3	0.1	6.3	6.3	0	3.34	0	0.34	0.33	0.85
1.46	1.31	6.3	1.06	3.42	6.3	0	0	6.3	0	0	0	5.05	1.94	1.9	0	0	1.29	0.72	1.45	0	6.22	5.65	0	0.02	0	6.3	6.17	0	2.55	2.19
1.46	1.31	6.3	1.06	3.42	6.3	0	0	6.3	0	0	0	5.05	1.94	1.9	0	0	1.29	0.72	1.45	0	6.22	5.65	0	0.02	0	6.3	6.17	0	2.55	2.19
1.46	1.31	6.3	1.06	3.42	6.3	0	0	6.3	0	0	0	5.05	1.94	1.9	0	0	1.29	0.72	1.45	0	6.22	5.65	0	0.02	0	6.3	6.17	0	2.55	2.19
2	5.2	4.19	6.3	5.2	6.3	6.3	5.54	0	4.9	4.93	6.3	0	6.3	6.3	3.85	4.88	5.2	6.3	6.3	5	6.3	5.2	6.3	6.3	5.2	5.16	6.3	4.87	4.85	4.93
27.48	0	0	23.54	0	27.48	0	0	27.48	0.17	0.28	0	27.48	0	0	0	2.66	0	0	60	4.5	0	60	27.48	0	5.27	0	27.48	0.24	0.04	1.2
12.51	4.6	4.92	5.61	4.69	5.24	4.42	4.71	4.71	4.71	4.82	4.71	5	4.71	0	4.71	4.71	4.52	4.74	5	4.71	4.71	5	12.51	12.51	4.71	4.71	5	4.7	4.71	4.72
1.46	1.31	6.3	1.06	3.42	6.3	0	0	6.3	0	0	0	5.05	1.94	1.9	0	0	1.29	0.72	1.45	0	6.22	5.65	0	0.02	0	6.3	6.17	0	2.55	2.19
1.46	1.31	6.3	1.06	3.42	6.3	0	0	6.3	0	0	0	5.05	1.94	1.9	0	0	1.29	0.72	1.45	0	6.22	5.65	0	0.02	0	6.3	6.17	0	2.55	2.19
2.82	1.83	3.55	2.53	1.4	2.82	1.32	3.26	0.11	0.25	2.66	3.97	2.53	2.53	1.44	0	3.13	0	2.43	2.52	3.35	3.55	3.55	3.97	3.2	3.03	0.18	2.82	0.07	0.97	1.62
10.04	7.25	0.04	8.74	8.4	8.53	8.55	0	2.55	0.08	5.18	10.04	8.53	8.74	8.74	10.75	8.08	8.43	0	8.74	8.82	8.74	8.74	8.53	10.97	8.74	0.97	10.04	4.87	8.21	7.37
8.57	11.91	8.79	8.57	8.59	8.57	10	9.96	11.91	8.73	9.25	11.91	11.91	11.91	11.91	11.91	8.58	9.92	11.91	0	8.57	11.91	11.91	11.91	11.91	8.68	8.75	11.91	8.75	8.3	8.52
1.46	1.31	6.3	1.06	3.42	6.3	0	0	6.3	0	0	0	5.05	1.94	1.9	0	0	1.29	0.72	1.45	0	6.22	5.65	0	0.02	0	6.3	6.17	0	2.55	2.19
9.21	2.79	2.82	9.21	1.45	9.21	0.02	2.82	3	2.82	3.18	9.21	9.21	9.21	12.5	9.21	2.09	1.26	1.28	9.21	2.81	0	0	9.21	0.03	0.34	2.58	9.21	1.33	1.36	2.2
0	0	0	0	0	4.98	0	0	0	0	0	0	0	4.98	4.98	0	0	0	4.98	4.98	0	4.98	0	0	4.98	0	0	4.98	0	0	0.02
1.46	1.31	6.3	1.06	3.42	6.3	0	0	6.3	0	0	0	5.05	1.94	1.9	0	0	1.29	0.72	1.45	0	6.22	5.65	0	0.02	0	6.3	6.17	0	2.55	2.19
13.29	4.95	7.5	4.19	7.5	13.29	2.99	13.29	7.5	1.29	2.9	13.29	3	13.29	13.29	7.41	3.58	3	13.29	13.29	3.01	10	13.29	3	0	3	7.5	3	3.31	1.06	2.44
1.46	1.31	6.3	1.06	3.42	6.3	0	6.3	6.3	0	0	0	5.05	1.94	1.9	0	0	1.29	0.72	1.45	0	6.22	5.65	0	0.02	0	6.3	6.17	0	2.55	2.19
6.3	6.09	6.22	0.6	3.97	6.3	0	6.11	6.13	4.04	5.49	6.22	3.24	6.3	0	3.63	4.24	5.17	1.46	1	5.35	6.3	5.15	6.22	6.3	5.65	0	4.4	5.41	3.26	2.81
3	7.9	3.31	7.9	3.37	7.9	2.34	7.9	1.67	2.97	2.7	3.02	3.21	3.38	3	1.91	2.97	2.51	4.88	7.9	2.91	7.9	3.38	3.03	5.85	3.02	3.3	0	2.32	3	3.87
1.46	1.31	6.3	1.06	3.42	6.3	0	0	6.3	0	0	0	5.05	1.94	1.9	0	0	1.29	0.72	1.45	0	6.22	5.65	0	0.02	0	6.3	6.17	0	2.55	2.19
1.94	3.02	6.4	2.25	0	2.33	1.29	5.62	6.12	3.99	4.92	6.4	0	2.33	2.33	2.26	6.24	0.47	5.43	5.64	3.27	6.4	6.17	6.07	1.2	6.32	5.16	1.99	4.49	0	2.3
11.51	7.65	5.47	4.08	3.69	10.51	5.14	6.3	5	17.58	2.29	10.83	5.25	8.53	2.8	4.96	11.4	5.94	5.44	7.89	12.32	8.75	5.76	56.51	7.19	25.53	4.23	6.17	11.45	4.15	0
0	7.19	7.3	8.29	8.04	10.21	7.71	6.69	8.59	7.64	7.77	8.1	6.75	8.31	6.52	6.4	7.12	8.26	11.09	9.01	6.67	7.46	6.07	8.25	8.28	7.09	4.27	11.83	6.47	8.36	7.25
1.28	0	4.17	3.17	4.27	3.95	2.82	1.53	3.07	6.73	5.76	12.56	3.43	3.35	3.67	1.2	5.13	7.9	5.93	2.86	3.06	0	4.43	3.07	3.69	5.44	1.08	3.66	3.61	5.79	4.16
1.47	5.23	0	0.46	3.69	0.06	2.89	8.78	4.19	7.39	6.37	5.92	4.72	2.12	1.85	10.27	5.78	2.89	2.07	1.59	4.22	20.06	7.28	7.65	1.61	7.92	6.47	2.41	6.78	5.59	5.4
14.14	10.67	11.88	0	4.44	8.16	11.55	12.9	10.77	10.37	10.3	10.95	16.81	13.14	10.04	12.1	12.82	12.33	16.34	12.23	11.88	10.05	4.36	14.91	12.39	7.39	13.42	14.96	11.85	11.1	9.61
2.74	5.59	7.38	5.14	0	4.58	4.49	7.78	9.05	8.5	8.26	9.97	11.93	4.47	6.28	10.08	8.77	8.75	5.65	5.43	7.7	12.02	9.49	7.17	2.65	7.15	6.04	8.98	8.06	0.93	6.67
11	11	11	11	11	0	11	11	11	11	11	11	11	11	11	11	11	11	11	11	11	11	11	11	11	11	11	11	11	11	11
27.05	27.73	22.84	24.76	16.47	6.18	0	17.57	9.17	21.91	22.8	7.35	26.64	18.9	25.96	22.36	21.22	26.78	29.08	24.11	21.7	42.8	7.02	22.47	14.5	17.96	21.88	24.05	23.42	20.46	26.28
0.12	6.38	6.3	0.61	6.42	0.02	0.45	0	6.3	0	0	0	8.71	0.43	0.41	0	0	6.96	0.14	0.05	0	8.8	8.37	0	2.58	0	6.3	6.36	0	7.01	5.83
0.05	0.42	2.02	1.19	0.24	0	1.89	3.24	0	5.49	2.38	7.02	0.06	2.46	0	5.47	2.06	0.69	1.24	5.86	1.27	0.01	1.09	0.19	8	1.54	4.67	0.51	2.57	1.08	1.81
0.12	6.38	6.3	0.61	6.42	0.02	0.45	0	6.3	0	0	0	8.71	0.43	0.41	0	0	6.96	0.14	0.05	0	8.8	8.37	0	2.58	0	6.3	6.36	0	7.01	5.83
0.12	6.38	6.3	0.61	6.42	0.02	0.45	0	6.3	0	0	0	8.71	0.43	0.41	0	0	6.96	0.14	0.05	0	8.8	8.37	0	2.58	0	6.3	6.36	0	7.01	5.83
0.12	6.38	6.3	0.61	6.42	0.02	0.45	0	6.3	0	0	0	8.71	0.43	0.41	0	0	6.96	0.14	0.05	0	8.8	8.37	0	2.58	0	6.3	6.36	0	7.01	5.83
3.25	4.33	7.37	7.08	8.14	1.98	6.16	3.36	0	6.92	5.69	12.17	0	4.83	4.6	13.69	4.02	7.6	6.62	5.08	5.46	5.98	7.59	0.12	4.36	7.69	4.82	3.38	6.06	8.22	4.17
54.13	61.63	62.49	58.58	59.66	65	62.91	53.56	54.44	46.54	60.93	50.65	51.14	0	60.94	48.67	59.14	62.63	62.61	61.28	51.33	62.71	60.33	65	27.48	57.26	60.57	47.73	61.72	60.51	60.87
8.87	8.7	11.05	4.71	8.41	4.91	8.24	5.68	2.66	8.54	7.8	4.98	8.82	8.57	0	3.89	6.04	6.82	7.91	2.3	8.18	10.7	9.78	2.45	12.51	7.16	2.06	6.44	8.55	8.25	7.81
0.12	6.38	6.3	0.61	6.42	0.02	0.45	0	6.3	0	0	0	8.71	0.43	0.41	0	0	6.96	0.14	0.05	0	8.8	8.37	0	2.58	0	6.3	6.36	0	7.01	5.83
0.12	6.38	6.3	0.61	6.42	0.02	0.45	0	6.3	0	0	0	8.71	0.43	0.41	0	0	6.96	0.14	0.05	0	8.8	8.37	0	2.58	0	6.3	6.36	0	7.01	5.83
0	3	5.01	0.01	1.62	0	0.01	4.47	3.58	4.25	3.41	3.45	0	0.19	0.94	3.03	2.36	0	0.08	0	3.38	1.6	3.89	2.74	1.68	3.33	4.52	0.02	3.87	3.08	1.56
7.95	10.55	10.84	10.6	6.46	8.9	9.8	12.05	10.98	10.51	10.98	11	10.94	10.55	6.27	10.93	10.69	10.27	0	10.93	10.79	11.82	8.2	11	10.79	10.88	10.77	10.88	10.84	10.17	9.89
10.77	13.78	11.06	11.85	9.26	7.68	10.69	10.9	6.62	11.41	10.73	17.33	10.59	10.72	11.24	11.52	10.96	11.75	10.9	0	10.39	14.94	10.67	2.78	10.04	9.37	13.59	10	11.18	9.27	10.65
0.12	6.38	6.3	0.61	6.42	0.02	0.45	0	6.3	0	0	0	8.71	0.43	0.41	0	0	6.96	0.14	0.05	0	8.8	8.37	0	2.58	0	6.3	6.36	0	7.01	5.83
3.63	5.04	3.85	1.2	0.85	1.26	1.46	2.22	0.7	6.27	3.36	7.13	0.13	1.72	2.95	5.7	2.41	3.33	0.89	0.5	4.96	0	1.32	0.45	3.55	2.93	5.29	0	3.94	2.79	3.13
0	2.69	0	0	1.33	0	0.01	0.01	0	0	0	0	9.18	0	0	0	0	5.64	0	0	0	7.45	0	0	0	0	0	0.08	0	4.97	2.41
0.12	6.38	6.3	0.61	6.42	0.02	0.45	0	6.3	0	0	0	8.71	0.43	0.41	0	0	6.96	0.14	0.05	0	8.8	8.37	0	2.58	0	6.3	6.36	0	7.01	5.83
10.37	8.76	3.56	8.28	6.76	0.49	6.91	3.39	7.34	8.54	7.95	9.83	7.5	8.77	8.13	8.71	9.28	6.86	7.8	6.65	8.22	2.25	6.5	1.82	0	7.55	6.45	9.87	7.57	7.21	7
0.12	6.38	6.3	0.61	6.42	0.02	0.45	0	6.3	0	0	0	8.71	0.43	0.41	0	0	6.96	0.14	0.05	0	8.8	8.37	0	2.58	0	6.3	6.36	0	7.01	5.83
0.85	5.03	7.52	2.76	6.29	0	0.27	6.84	8.54	7.43	7.95	5.81	8.07	0.01	0.35	6.87	7.64	6.77	0.01	0	8.03	6.19	8.8	1.94	5.65	7.39	0	4.32	6.92	6.92	6.6
5.28	6.92	8.46	9.12	8.87	5.41	7.71	2.11	9.88	2.87	3.07	2.73	9.99	9.63	8.48	2.89	3.13	7.67	11.14	8.28	2.91	9.36	9.31	3.36	4.88	2.91	8.69	0	2.91	8.09	7.47
0.12	6.38	6.3	0.61	6.42	0.02	0.45	0	6.3	0	0	0	8.71	0.43	0.41	0	0	6.96	0.14	0.05	0	8.8	8.37	0	2.58	0	6.3	6.36	0	7.01	5.83
2.93	4.23	5.09	1.61	0.34	0.07	5.07	4.61	5.37	5.1	6.14	4.39	3.19	6.94	2.56	6.17	5.68	5.07	4.83	4.4	4.53	4.85	5.16	3.94	2.03	5.1	4.28	3.48	5.99	0	3.76
3.66	14.21	5.08	4.87	9.85	5.53	5.59	6.8	7.88	9.65	5.49	12.01	7.36	4.13	10.44	4.67	6.8	14.07	13.62	7.62	7.3	11.61	9.57	19.44	6.73	15.3	12.07	6.71	11.21	9.1	0
0	12.74	12.93	13.59	12.55	13.19	13.21	12.57	11.69	12.84	12.67	13.64	12.5	13.88	12.61	12.53	13.14	14.09	13.09	12.67	13.89	13.63	14.25	12.5	12.61	12.54	13.26	15	12.5	12.68	13.24
9.36	0	14.32	9.04	11.28	10	10.31	15.13	14.15	14	12.53	14.99	9.9	9.6	9.05	14.71	13.79	13.09	9.28	9.76	14.43	0	15.01	14.91	14.8	11.15	14.83	9.08	13.68	13.91	10.62
7.77	12.13	0	5.31	8.99	6.3	8.46	10.72	13.13	11.68	11.24	10.96	10.22	6.41	5.35	13.22	11.72	11.38	6.12	3.5	11.33	10.3	13.04	11.46	9.93	12.3	12.09	5.56	11.73	9.9	10.96
15.06	18.57	16.01	0	13.76	18.66	17.37	14.78	14.83	14.83	14.67	13.02	15	15.1	16.95	16.99	16.19	14.79	16.24	14.97	15.84	10.61	14.21	15.84	15.88	15.93	14.04	15	15.27	15.43	16.73
4.5	8.82	11.27	7.31	0	4.55	8.39	10.86	10.48	12.25	11.79	13.2	11.56	6.04	8.23	13.06	11.93	10.51	6.83	7.86	12.29	9.74	11.37	13.84	5.17	10.45	11.74	21.2	12.41	5.8	11.76
11	11	11	11	11	0	11	11	11	11	11	11	11	11	11	11	11	11	11	11	11	11	11	11	11	11	11	11	11	11	11
38.34	41.39	34.1	30.66	31.34	30.29	0	37.02	35.48	36.66	35.68	49.07	37.76	35.66	37.11	25.53	37.04	38.46	39.69	32.97	34.15	44.09	47.92	37.69	45.5	36.51	33.45	45.48	35.66	36.84	39.14
0	6.24	6.3	0.07	7.62	0.03	0.01	0	6.3	0	0	0	7.6	0.11	0.09	0	0	6.86	0.07	0.17	0	8.46	10.02	0	0.01	0	6.3	5.77	0	7.58	5.26
21.4	18.44	10.8	20.31	17.62	6.3	18.31	15.87	0	19.75	13.64	16.69	18.14	8.34	18.92	12.16	14.41	15.43	16.88	13.75	15	14.59	15.84	17.87	13.27	21.1	13.22	9.24	15.95	13.32	13.59
0	6.24	6.3	0.07	7.62	0.03	0.01	0	6.3	0	0	0	7.6	0.11	0.09	0	0	6.86	0.07	0.17	0	8.46	10.02	0	0.01	0	6.3	5.77	0	7.58	5.26
0	6.24	6.3	0.07	7.62	0.03	0.01	0	6.3	0	0	0	7.6	0.11	0.09	0	0	6.86	0.07	0.17	0	8.46	10.02	0	0.01	0	6.3	5.77	0	7.58	5.26
0	6.24	6.3	0.07	7.62	0.03	0.01	0	6.3	0	0	0	7.6	0.11	0.09	0	0	6.86	0.07	0.17	0	8.46	10.02	0	0.01	0	6.3	5.77	0	7.58	5.26
0	13.58	15.71	3.67	16.62	6.3	18.16	20.13	0	14.94	15.26	16.31	0	11.01	15	11.98	17.8	16.74	8.64	12.47	20.29	16	9.56	15.27	2.44	13	16.9	7.64	16.05	17.34	11.72
65	64.89	62.75	64.82	64.8	27.48	64.98	64	65	64.41	61.32	100	65	0	65	63.22	62.89	63.71	64.99	65	64.52	65	54.11	65	27.48	64.63	61.7	65	63.42	64.42	64.12
40	26.07	30.49	21.89	31.9	29.55	26.56	35.54	36.3	22.84	27.52	40	20	10.16	0	29.86	25.87	23.79	29.2	34.7	24.78	30.41	29.67	19.69	12.51	38.46	17.53	29.88	22.95	30.13	30.58
0	6.24	6.3	0.07	7.62	0.03	0.01	0	6.3	0	0	0	7.6	0.11	0.09	0	0	6.86	0.07	0.17	0	8.46	10.02	0	0.01	0	6.3	5.77	0	7.58	5.26
0	6.24	6.3	0.07	7.62	0.03	0.01	0	6.3	0	0	0	7.6	0.11	0.09	0	0	6.86	0.07	0.17	0	8.46	10.02	0	0.01	0	6.3	5.77	0	7.58	5.26
0	1.13	0.28	0	2.81	0	0	3.88	3.84	1.89	2.75	4.82	0	0	0	2.61	1.48	0	0	0	4.74	4.3	4.47	1.9	4.69	0.55	3.46	0	3.28	3.03	0.19
11	11	11	11	11	12.97	11	11	11	11	11	11	11	10.98	10.99	11	11	10.97	0	11	11	11	11	11	11	10.99	11	11	11	10.98	10.99
17.01	17.76	17.8	17.7	14.91	14.67	17.37	14.32	13.12	13.71	14.37	14.05	14.45	19.8	18.54	15.34	14.8	16.56	15.11	0	18.22	13.93	14.58	14.12	11.91	13.7	14.34	12.5	14.97	15.36	17.42
0	6.24	6.3	0.07	7.62	0.03	0.01	0	6.3	0	0	0	7.6	0.11	0.09	0	0	6.86	0.07	0.17	0	8.46	10.02	0	0.01	0	6.3	5.77	0	7.58	5.26
19.73	13.17	10.87	3.96	13.05	20.5	13.19	10.96	10.74	12.93	13.21	6.89	8.88	6.96	9.08	10.33	14	13.25	10.74	6.32	12.02	0	15.71	13.58	11.25	10.74	14.16	6.68	12.88	13.06	11.8
0	10.77	0	0	9.51	4.98	0	0	0	0	0	0	11.62	13.08	0	0	0	8.9	0.59	0	0	8.57	0	0	0	0	0	21.28	0	10.64	9.71
0	6.24	6.3	0.07	7.62	0.03	0.01	0	6.3	0	0	0	7.6	0.11	0.09	0	0	6.86	0.07	0.17	0	8.46	10.02	0	0.01	0	6.3	5.77	0	7.58	5.26
14.05	16.68	18.94	20.29	18.14	10.1	22.81	18.68	14.44	15.94	17.18	19.91	20.04	19.13	21.89	19.42	17.81	16.82	15.33	17.12	17.14	18.56	22.6	14.55	0	14.62	15.49	19.43	15.47	17.88	19.93
0	6.24	6.3	0.07	7.62	0.03	0.01	0	6.3	0	0	0	7.6	0.11	0.09	0	0	6.86	0.07	0.17	0	8.46	10.02	0	0.01	0	6.3	5.77	0	7.58	5.26
0	7.95	8.15	0	7.39	0	0	8.47	8.16	6.56	7.76	8.42	5.34	0	0	8.72	7.25	6.35	0	0	8.5	5.69	9.45	11.07	0	6.34	0	6.45	7.2	6.92	7.19
10	10.04	8.84	5.82	8	7.9	10.03	5.15	11.6	4.62	4.79	4.9	12.08	6.69	6.86	3.28	4.7	7.9	6.55	10	4.88	10	10.01	3.82	11.92	3.33	9.82	0	4.53	9.56	9.51
0	6.24	6.3	0.07	7.62	0.03	0.01	0	6.3	0	0	0	7.6	0.11	0.09	0	0	6.86	0.07	0.17	0	8.46	10.02	0	0.01	0	6.3	5.77	0	7.58	5.26
1.2	4	4.84	0.27	1.76	0.13	4.55	4.74	4.83	4.19	4.64	3.78	0.31	0.33	0.89	4.8	4.13	4.27	4.32	4.69	4.43	4.3	4.52	6.08	0.13	3.46	4.46	0.16	4.45	0	3.03
9.07	16.79	16.09	6.61	10.78	15.95	3.15	6.41	10.55	18.89	5.48	11.6	8.03	14.59	12.26	7.17	11.38	20.94	12.01	10.57	11.46	13.45	9.94	17.55	6.83	23.59	17.59	7.63	15.14	11.27	0
0	10	8.7	10.53	9.85	10.28	12.26	12.29	12.39	11.38	9.73	10.78	18	11.12	12.5	0	10.47	10.95	10.79	11.74	8.49	22	11.2	12.13	11.17	10.92	10.13	12.2	9.78	10.48	10.79
4.98	0	7.24	5.3	9.53	5	6.91	8.73	10.48	7.71	10.04	10.12	7.02	6.46	5.36	4.64	10.07	10.5	6.16	4.86	10.29	0	2.08	10.31	8.62	10.15	8.71	4.55	11.12	9.96	6.11
6.3	9.66	0	3.91	4.56	4.87	14.06	6.55	13.26	10.01	7.42	9.79	7.4	3.66	7.94	9.6	8.13	7.56	3.57	7.91	7.02	15.08	6.44	10.04	7.73	8.83	7.32	5.58	8.97	6.22	8.11
10.65	14.12	9.94	0	12.75	17.79	18.78	2.31	17.72	11.54	10.64	20	10	17.19	12.11	10	12.94	10.1	9.66	10.47	4.9	13.02	4.82	10.78	9.95	7.47	15.1	1.09	12.23	11.44	8.57
5.53	8.23	5.94	4.62	0	4.91	3.3	6.48	10.01	8.7	7.6	8.5	10.9	3.86	5.73	10.62	9.31	7.07	3.61	4.57	10.18	6.1	8.56	10.51	3.39	9.45	9.91	10.4	8.93	2.77	7.82
11	11	11	11	11	0	11	11	11	11	11	11	11	11	11	11	11	11	11	11	11	11	11	11	11	11	11	11	11	11	11
45	46.41	20.29	63.29	61.47	20	0	31.88	59.24	38.98	27.04	75	30.29	56.45	47.65	19.14	56.6	33.07	35.81	30.29	27.83	36.54	45.8	63.62	47.06	67.67	36.77	34.39	36.91	47.66	40.19
0	6.27	6.3	0	4.34	0	0	0	6.3	0	0	0	6.94	0	0	0	0	6.6	0	0	0	6.65	5.58	0	0	0	6.3	8.32	0	6.28	4.85
28.05	4.58	2.67	12.35	1.95	10	17.55	5.91	0	15.54	10.4	8.15	10.37	1.44	25.76	3.27	13.44	7.53	17.57	24.23	9.15	6.3	6.05	15.23	6.3	12.99	7.06	17.95	8.63	5.91	11.03
0	6.27	6.3	0	4.34	0	0	0	6.3	0	0	0	6.94	0	0	0	0	6.6	0	0	0	6.65	5.58	0	0	0	6.3	8.32	0	6.28	4.85
0	6.27	6.3	0	4.34	0	0	0	6.3	0	0	0	6.94	0	0	0	0	6.6	0	0	0	6.65	5.58	0	0	0	6.3	8.32	0	6.28	4.85
0	6.27	6.3	0	4.34	0	0	0	6.3	0	0	0	6.94	0	0	0	0	6.6	0	0	0	6.65	5.58	0	0	0	6.3	8.32	0	6.28	4.85
11.4	8.12	8.49	1.35	8.98	6.3	11.78	7.07	0	9.73	8.73	7.02	0	1.51	0.22	10.22	6.94	9.77	7.48	0	9.46	6.3	7.75	9.61	6.47	8.33	6.74	7.96	9.03	8.89	5.87
65	59.94	60.53	63.79	50.56	27.48	61.4	63.9	60.53	59.62	60.28	27.48	64.57	0	65	53.92	51.23	62.53	63.87	65	62.85	27.48	64.99	40	27.48	61.62	52.18	65	60.55	61.62	63.24
12.51	16.31	6.55	13.88	10.13	30.42	14.58	10.9	9.72	18.06	8.2	11.39	4.63	10.87	0	36.94	15.5	11.13	11.61	30.81	6.43	14.95	5.48	40	12.51	31.23	10.65	23.57	8.37	12.39	12.98
0	6.27	6.3	0	4.34	0	0	0	6.3	0	0	0	6.94	0	0	0	0	6.6	0	0	0	6.65	5.58	0	0	0	6.3	8.32	0	6.28	4.85
0	6.27	6.3	0	4.34	0	0	0	6.3	0	0	0	6.94	0	0	0	0	6.6	0	0	0	6.65	5.58	0	0	0	6.3	8.32	0	6.28	4.85
0	0.82	3.7	0	0.17	0	0	3.29	2.28	3.27	2.07	0.2	0	0	0	0.81	1.05	0	0	0	1.59	0.86	0.86	2.79	1.79	1.33	3.53	0	2.76	1.2	0.47
16	11.02	11.52	6.9	11.04	16	5.77	11.2	12.27	11.55	11.08	11.27	8.14	11.01	9.26	11.02	11.1	9.58	0	5.53	10.07	11	11.22	11.01	11	11.06	11.08	11.07	11.33	11.01	11.11
19.32	13.99	14.47	13.71	13.37	15.23	14.23	12.86	13.04	15.46	14.54	20	13.67	18.46	19.63	14.35	18.75	14.4	14.88	0	15	11.67	12.12	16.67	11.91	19.28	13.64	20	14.77	14.46	15.88
0	6.27	6.3	0	4.34	0	0	0	6.3	0	0	0	6.94	0	0	0	0	6.6	0	0	0	6.65	5.58	0	0	0	6.3	8.32	0	6.28	4.85
15.67	8.24	12.04	9.94	8.18	7.75	11.42	11.22	7.14	2.75	8.4	13.57	7.75	6.13	7.72	8.99	12.46	9.67	5.78	5.07	11.39	0	7.18	10.72	1.34	8.27	9.38	0.89	9.75	5.47	7.26
0	18	0	0	2.08	0	0	0	0	0	0	0	10.24	0	0	0	0	13.01	0	0	0	18.44	0	0	0	0	0	9.83	0	3.07	6.38
0	6.27	6.3	0	4.34	0	0	0	6.3	0	0	0	6.94	0	0	0	0	6.6	0	0	0	6.65	5.58	0	0	0	6.3	8.32	0	6.28	4.85
22.84	16.23	3.08	18.06	4.19	8.82	21.31	4.96	17.05	7.16	6.59	11.23	23.69	8.61	11.3	7.72	20.68	6.39	15.25	10.96	3.88	14.08	16.85	23.14	0	19.55	19.98	21.98	7.62	7.85	12.66
0	6.27	6.3	0	4.34	0	0	0	6.3	0	0	0	6.94	0	0	0	0	6.6	0	0	0	6.65	5.58	0	0	0	6.3	8.32	0	6.28	4.85
0	5.34	4.39	0	3.93	0	0	6.77	6.3	6.17	7.23	6.72	6.65	0	0	5.28	8.34	6.9	0	0	9.07	5.58	5.33	8.18	0	7.76	0	10.91	6.29	8.57	5.64
7.9	6.13	4.76	4.3	8.46	7.9	11.48	2.23	6.05	3.24	2.39	2.47	6.97	5.95	11.37	3.77	3.26	7.72	7.93	12	1.72	12.29	7.55	3.67	3.66	4.96	6.24	0	1.97	7.19	6.31
0	6.27	6.3	0	4.34	0	0	0	6.3	0	0	0	6.94	0	0	0	0	6.6	0	0	0	6.65	5.58	0	0	0	6.3	8.32	0	6.28	4.85
7.52	3.55	7	5.7	0.31	1.8	9.05	7.96	3.7	8.02	6.84	3.78	8.69	0.22	6.17	12.09	11.31	9.23	7.98	7.28	7.18	3.37	4.76	9.95	0.01	11.55	9.5	5.63	8.59	0	6.21
8.21	21.07	17.74	5.18	6.74	14.14	6.6	4.58	14.09	12.98	6.7	6.59	7.06	9.43	17.51	9.3	10.31	15.19	8.41	9.43	20.54	13.03	6.64	11.91	5.58	20.92	13.68	8.53	13.62	9.37	0
0	5.1	10.1	9.29	8.19	5.63	11.34	14.75	10.17	12.15	10.77	12.5	10	9.8	12.53	12.53	12.81	13.04	11.38	10.5	8.85	12.5	13.61	13.75	10.1	11.34	12.23	12.75	11.53	11.41	10.63
4.12	0	8.53	1.41	4.61	3.93	3.36	9.01	9.81	9.18	8.2	9.63	5.17	4.81	0.58	0	9.45	7.77	2.89	2.95	7	0	0.03	0	0.33	9.69	8.37	4.26	7.48	7.2	1.3
2.57	3.4	0	3.08	7.12	1.29	1.01	9.15	8.02	7.63	7.36	11.09	7.89	3.59	0.4	9	8.02	6.93	3.99	2.54	6.99	10.62	6.45	8.82	0.66	8.4	7	5.17	6.7	3.89	6.32
9.29	2.36	13.39	0	4.66	3.2	5	11.44	19.46	11.77	9.74	10	20	10	13.02	14.08	9.91	11.77	12.66	3.6	2.57	10	5.8	0.65	7.57	10.88	17.05	10	8.68	5.66	1.27
4.03	0.25	8.01	4.94	0	5.5	2.65	6.16	10.58	6.55	6.9	4.99	4.62	8.78	4.17	9.99	9.52	7.97	8.4	5.21	4.67	7.25	1.4	7.07	1.49	7.77	10.16	7.78	6.41	1.87	1.99
11	11	11	11	11	0	11	11	11	11	11	11	11	11	10.94	11	11	11	11	11	11	11	11	11	11	11	11	11	11	11	11
11.59	17.55	11.89	9.76	9.76	5.74	0	18.08	9.51	12.76	12.42	8.83	11.54	9.98	13.21	9	13.45	13.29	13.35	6.93	8.29	12.24	9.37	14.73	11.2	12.48	15.84	13.8	13.29	13.96	11.3
1.13	1.11	6.3	1.72	1.33	0	1.84	0	6.3	0	0	0	6.83	1.6	0	0	0	5.97	0.18	0.09	0	3.17	5.7	0	0.18	0	6.3	6.76	0	2.92	2.17
0	0	3.02	0.74	0.29	0	0.15	4.3	0	2.78	2.74	0.04	3.86	0.82	0.27	1.74	4.44	0.41	1.16	5	1.41	6.2	1.76	3.37	6.3	2.76	2.39	2.29	2.21	2.28	2.06
1.13	1.11	6.3	1.72	1.33	0	1.84	0	6.3	0	0	0	6.83	1.6	0	0	0	5.97	0.18	0.09	0	3.17	5.7	0	0.18	0	6.3	6.76	0	2.92	2.17
1.13	1.11	6.3	1.72	1.33	0	1.84	0	6.3	0	0	0	6.83	1.6	0	0	0	5.97	0.18	0.09	0	3.17	5.7	0	0.18	0	6.3	6.76	0	2.92	2.17
1.13	1.11	6.3	1.72	1.33	0	1.84	0	6.3	0	0	0	6.83	1.6	0	0	0	5.97	0.18	0.09	0	3.17	5.7	0	0.18	0	6.3	6.76	0	2.92	2.17
6.3	4.74	5.62	3.6	5.97	0	5.56	7.8	0	5.81	5.86	4.02	0	6.3	0	9.45	5.72	6.21	3.41	6.3	3.25	10.4	4.95	7.46	0.19	6.07	4.7	3.6	3.63	6	2.6
61.12	51.9	28.9	61.36	53.25	60.19	55.16	63.47	77.44	59.31	66.55	6.42	64.21	0	64.44	65	69.6	64.38	64.38	59.96	55.19	80	41.07	27.48	27.48	67.6	64.18	63.72	64.76	58.13	61.8
5.35	5.03	8.11	2.69	5.28	1.14	3.98	5.5	1.83	5.79	10.6	22.63	9.27	2.37	0	5	7.87	10.63	9.7	1.1	8.49	3.06	8.26	12.51	12.51	2.26	7.42	13.19	14.37	10.28	8.52
1.13	1.11	6.3	1.72	1.33	0	1.84	0	6.3	0	0	0	6.83	1.6	0	0	0	5.97	0.18	0.09	0	3.17	5.7	0	0.18	0	6.3	6.76	0	2.92	2.17
1.13	1.11	6.3	1.72	1.33	0	1.84	0	6.3	0	0	0	6.83	1.6	0	0	0	5.97	0.18	0.09	0	3.17	5.7	0	0.18	0	6.3	6.76	0	2.92	2.17
0	0.55	1.6	0.07	1.03	0	0.02	2.01	2.94	1.38	2.09	2.73	0	0	0	2.73	3.22	0	0	0	1.44	1.4	0.75	2.07	1.55	2.67	1.79	0	0.5	1.32	0.31
7.52	5.45	8.02	5.94	5.28	8.62	6.96	10.68	9.04	10.06	8.98	11	9.44	5.24	8.86	11	10.4	9.81	0	5.78	8.52	5.82	7.44	2	6.47	9.6	7.37	8.82	8.78	8.82	6.56
10.54	10.21	10.93	8.22	6.95	10	11.81	11.19	6.6	6.94	9.91	11.91	13.51	11.2	11.91	15	11.66	7.27	11	0	8.61	10	2	10.63	10	5.18	10.57	10	10.19	9.89	9.31
1.13	1.11	6.3	1.72	1.33	0	1.84	0	6.3	0	0	0	6.83	1.6	0	0	0	5.97	0.18	0.09	0	3.17	5.7	0	0.18	0	6.3	6.76	0	2.92	2.17
0	4.51	3.3	4.77	2.02	0	1.73	2.61	0.25	5.28	6.89	13.26	12	8.45	10.08	1.7	8.65	5.01	6.41	3.59	6.47	0	1.48	9.21	0.69	7.81	3.51	15	5.69	7.65	5.69
0	0	0	0	0.01	4.98	0	0	0	0	0	0	5.25	0	0	0	0	4.92	0	0	0	4.98	0	0	0	0	0	4.85	0	3.34	0.39
1.13	1.11	6.3	1.72	1.33	0	1.84	0	6.3	0	0	0	6.83	1.6	0	0	0	5.97	0.18	0.09	0	3.17	5.7	0	0.18	0	6.3	6.76	0	2.92	2.17
13.02	6.45	6.7	4.77	7.42	14.92	9.14	11.66	7.97	7.77	7.13	11.62	12.5	5.27	12.87	9.63	10.16	8.2	4.78	0	9.25	10.29	0.86	10.24	0	8.91	5.84	6.24	6.65	10.22	7.2
1.13	1.11	6.3	1.72	1.33	0	1.84	0	6.3	0	0	0	6.83	1.6	0	0	0	5.97	0.18	0.09	0	3.17	5.7	0	0.18	0	6.3	6.76	0	2.92	2.17
0	0.83	5.93	3.49	0.53	0.04	4.52	6.76	4.91	6.32	6.32	0.71	9.3	1.18	0	4.86	7.12	5.91	0.08	0	5.21	8.14	5.6	4.96	3.96	5.89	0	8.89	4.82	5.94	4.27
8.26	6.33	6.54	4.42	3.26	3.5	10.59	4.87	6.28	2.3	2.85	2.38	6.57	6.82	3.05	3.53	2.43	7.22	6.08	8.43	2.01	3.62	4.61	1.52	4.99	0.85	6.62	0	2.05	7.01	4.99
1.13	1.11	6.3	1.72	1.33	0	1.84	0	6.3	0	0	0	6.83	1.6	0	0	0	5.97	0.18	0.09	0	3.17	5.7	0	0.18	0	6.3	6.76	0	2.92	2.17
5.88	1.18	5.44	2.99	0.92	0.6	2.9	5.26	4.92	4.89	4.53	5.04	2.1	3.86	0.97	1.17	5.51	5.12	5.59	4.68	3.94	4.68	1.25	6.47	1.35	5.3	5.55	2.87	3.92	0	1.79
7.04	8.31	5.84	5.67	1.99	0.68	7.74	5.67	5.46	9.5	4.63	9.69	6.98	8.99	10.48	4.41	8.14	13.57	10.2	2.27	4.56	6.4	5.7	30.89	0.48	14.83	9.13	9.46	5.85	5.06	0
0	14.97	14.97	14.81	14.97	15.01	14.98	14.9	14.98	14.93	14.92	15	12.53	15	15	15	13.65	14.98	14.85	15	14.93	14.91	15	15	14.59	14.35	14.97	12.53	14.79	14.15	14.69
7.51	0	14.17	3.1	9.21	6.36	8.75	14.75	14.26	13.28	14	4.55	10	9.8	9.37	12.61	13.89	14.31	9.25	6.2	11.85	0	7.42	14.59	11.16	14.72	13.11	9.19	13.76	13.6	9.35
3.56	9.62	0	6.42	7.49	2.68	9.97	8	7.94	8.59	8.23	7.61	7.94	3.88	6.74	7.87	8.02	9.5	5.46	3.52	7.77	9.43	7.45	9.62	7.45	8.28	8.06	4.05	8.08	8.32	8.04
18.93	20	18.29	0	18.02	19.91	18.97	19.16	19.23	19.6	16.7	20	22.92	19.06	20	19.52	18.62	17.21	15.87	16.96	15.59	16.54	16.65	18.43	18.55	18.41	18.85	20	17.49	17.01	16.23
0.48	8.41	9.91	4.7	0	6.47	5.36	8.93	8.98	8.57	9.05	10.13	9.87	5.66	6.95	7.88	8.77	9.08	6.24	5.98	8.3	3.27	7.6	9.88	3.31	8.84	7.74	10.28	8.42	3.75	8.55
11	11	11	11	11	0	11	11	11	11	11	11	11	11	11	11	11	11	11	11	11	11	11	11	11	11	11	11	11	11	11
50.78	32.23	26.51	24.62	37.84	23.5	0	32.24	20.15	24.88	28.75	75	50.05	46.52	34.88	38.53	32.01	34.68	38.4	55	29.06	42.05	34.9	57.22	24.94	23.76	24.81	41.99	22.96	26.88	40.28
0	5.39	6.3	0	4.87	0	0	0	6.3	0	0	0	5.19	0	0	0	0	5.75	0	0	0	5.04	5.36	0	0	0	6.3	5.15	0	5.3	4.42
2.7	5.62	10.76	7.55	4.74	5.12	8.64	7.93	0	8.49	9.05	6.08	10.3	5.29	11.32	4.64	10.98	8.37	13.54	5.41	9.15	4.35	7.13	7.59	6.3	9.47	7.43	6.83	7.73	6.52	9.29
0	5.39	6.3	0	4.87	0	0	0	6.3	0	0	0	5.19	0	0	0	0	5.75	0	0	0	5.04	5.36	0	0	0	6.3	5.15	0	5.3	4.42
0	5.39	6.3	0	4.87	0	0	0	6.3	0	0	0	5.19	0	0	0	0	5.75	0	0	0	5.04	5.36	0	0	0	6.3	5.15	0	5.3	4.42
0	5.39	6.3	0	4.87	0	0	0	6.3	0	0	0	5.19	0	0	0	0	5.75	0	0	0	5.04	5.36	0	0	0	6.3	5.15	0	5.3	4.42
5.33	11.44	9.9	3.23	10.15	6.3	11.26	10.29	0	9.89	9.94	11.92	0	8.78	4.45	11.58	10.31	11.17	10.53	5	9.98	10.4	9.59	10.61	10.04	10.21	9.49	8.64	9.59	10.78	9.57
65	62.39	62.87	61.35	59.48	27.48	64.09	60.68	48.29	58.88	59.39	0	27.48	0	56.56	40.09	61.16	55.11	62.67	40	59.99	60	55.93	59.62	65	62.22	56.24	65	60.42	58.76	59.5
6.16	24.07	25.33	25.67	18.07	26.08	19.98	25.61	28.16	28.08	22.54	30	29.27	22.36	0	26.93	23.88	21.56	27.27	16.9	23.44	26.37	15.94	30	12.51	18.11	9.3	25.46	22.04	21.87	23.42
0	5.39	6.3	0	4.87	0	0	0	6.3	0	0	0	5.19	0	0	0	0	5.75	0	0	0	5.04	5.36	0	0	0	6.3	5.15	0	5.3	4.42
0	5.39	6.3	0	4.87	0	0	0	6.3	0	0	0	5.19	0	0	0	0	5.75	0	0	0	5.04	5.36	0	0	0	6.3	5.15	0	5.3	4.42
0	2.93	1.65	0	3.13	0	0	1.3	3.68	2	1.38	1.68	0	0	0	0.63	1.55	0	0	0	2.2	3.1	2.87	1.54	0	1.33	0.99	0	1.67	1.5	0.16
11	10.99	11	11	11.05	13	11.03	11.01	11.1	11.23	10.97	12.25	11	11.18	11.04	11	11.22	11.03	0	11	11	11	11.12	11.05	11	11.22	11	11	11.06	10.6	11.05
15.69	12.37	14.81	15.02	13.09	16.09	16.42	15.05	11.39	14.4	11.71	17.98	12.54	16.59	19.95	12.44	13.76	13.27	16.26	0	13.22	15.85	14.69	18.61	11.91	14.58	14.6	10.65	13.99	14.21	15.37
0	5.39	6.3	0	4.87	0	0	0	6.3	0	0	0	5.19	0	0	0	0	5.75	0	0	0	5.04	5.36	0	0	0	6.3	5.15	0	5.3	4.42
12.76	9.98	15.99	4.94	13.21	13.12	8.24	12.09	9.98	10.12	11.19	0.11	13	9.36	11.44	8.1	11.15	9.85	11.2	10.36	11.37	0	13.19	4.69	12.07	6.64	9.32	13.27	10.36	10.14	8.63
0	5.34	0	0	5.49	0	0	0	0	0	0	0	5.69	0	0	0	0	6.47	0	0	0	5.16	0	0	0	0	0	4	0	5.21	3.21
0	5.39	6.3	0	4.87	0	0	0	6.3	0	0	0	5.19	0	0	0	0	5.75	0	0	0	5.04	5.36	0	0	0	6.3	5.15	0	5.3	4.42
13.51	12.75	14.57	15.81	11.83	18.05	18.65	12.65	16.33	11.3	13.49	18.95	20.14	17.48	21.53	12.36	15.7	13.92	19.84	6.42	13.01	15.97	20.08	9.45	0	13.55	7.55	18.05	11.59	10.19	14.84
0	5.39	6.3	0	4.87	0	0	0	6.3	0	0	0	5.19	0	0	0	0	5.75	0	0	0	5.04	5.36	0	0	0	6.3	5.15	0	5.3	4.42
0	4.79	4.1	0	4.23	0	0	5.31	5.14	5.43	5.14	2.97	5.51	0	0	4.96	5.09	5.3	0	0	5.27	5.98	5.4	4.61	0	4.96	0	4.07	5.18	5.04	4.86
7.9	16.92	13.87	15.1	10.1	7.9	16.65	8.21	17.76	8.48	8.27	5.86	14.4	15.47	15.46	6.87	8.13	15.46	15.79	14.12	6.11	13.29	11.49	9.62	12.01	7.26	13.26	0	8.87	14.25	16
0	5.39	6.3	0	4.87	0	0	0	6.3	0	0	0	5.19	0	0	0	0	5.75	0	0	0	5.04	5.36	0	0	0	6.3	5.15	0	5.3	4.42
0.39	4.63	4.42	0.41	0.81	0.08	5	4.5	5.28	4.48	4.63	5.18	0.18	0.57	0.32	5.14	4.62	4.77	4.27	4.93	3.92	4.13	4.97	4.68	0.53	4.61	4.72	0.6	4.48	0	4.28
1.88	17.7	11.3	7.62	9.48	11.95	4.63	7.62	11.2	25.22	5.09	10.8	5.24	5.22	16.81	7.4	9.21	18.17	8.06	8.88	9.24	8.69	5.8	22.56	6.26	30.61	10.05	7.45	12.7	9.25	0
0	14.98	14.68	15.38	12.64	16.91	17.14	14.29	15.08	15.41	14.53	8.32	15.07	13.92	19.95	7.08	14.71	14.23	17.87	14.53	15.66	15.22	14.53	9.37	13.16	15.26	14.86	15.03	14.32	13.95	15.88
6.72	0	8.52	5.69	7.86	0.06	8.46	10.58	8.98	8.91	8.47	10.36	8.31	4.9	7.36	9.53	9.11	10.27	7.52	9.27	10.17	0	9.98	9.19	12.46	8.23	9.97	9.5	8.5	9.12	9.04
3.09	6.01	0	3.82	6.81	3.5	7.8	6.27	6.51	6.77	6.65	7.23	6.29	3.45	2.9	6.65	6.67	6.68	4.79	3.73	6.48	6.51	6.3	7.55	6.16	6.52	6.51	3.92	7.13	6.23	6.42
19.22	19.99	17.83	0	17.23	20.01	19.29	18.89	18.36	19.1	18.52	25	17.27	12.35	15	19.95	17.82	18.11	19.17	19.31	17.93	19.53	18.66	14.24	18.02	19.39	18.89	17.67	18.44	18.73	17.85
1.93	4.61	5.34	2.61	0	1.27	3.25	5.8	5.29	5.88	5.79	7.51	7.07	2.35	3.01	6.85	6.42	5.59	1.78	2.39	5.77	5.52	6.27	7.94	1.45	6.95	6.42	12.4	6.22	0.94	5.56
11	11	11	11	11	0	11	11	11	11	11	11	11	11	11	11	11	11	11	11	11	11	11	11	11	11	11	11	11	11	11
20.9	25.47	21.78	34.67	25.89	28.06	0	27.3	20.97	24.78	22.09	23.43	22.27	22.47	22.45	21.83	22.28	26.96	24.2	34.28	23.16	30.66	22.44	14.86	29.15	21.92	22.1	18.06	23.68	25.92	24.16
0	3.89	6.3	0	4.2	0	0	0	6.3	0	0	0	4.29	0	0	0	0	4.49	0	0	0	3.73	3.86	0	0	0	6.3	4	0	4.08	3.52
3.22	4.75	5.32	3.96	5.21	6.3	6.64	6.01	0	5.2	5.1	4.84	3.52	2.72	5.1	5.28	5.35	5.34	6.84	8.99	5.95	5.22	5.49	3.33	5.1	4.77	5.86	3.74	4.8	5	3.92
0	3.89	6.3	0	4.2	0	0	0	6.3	0	0	0	4.29	0	0	0	0	4.49	0	0	0	3.73	3.86	0	0	0	6.3	4	0	4.08	3.52
0	3.89	6.3	0	4.2	0	0	0	6.3	0	0	0	4.29	0	0	0	0	4.49	0	0	0	3.73	3.86	0	0	0	6.3	4	0	4.08	3.52
0	3.89	6.3	0	4.2	0	0	0	6.3	0	0	0	4.29	0	0	0	0	4.49	0	0	0	3.73	3.86	0	0	0	6.3	4	0	4.08	3.52
7.17	9.72	9.42	8.77	8.8	6.3	13.29	8.54	0	9.17	9.19	9.43	0	7.05	8.4	10.27	9.18	9.94	10.72	9.65	8.9	7.83	9.36	9	7.33	11	9.05	10.76	9.63	9.41	9.35
37.08	42.69	44.22	56	42.54	27.48	48.34	52.32	44.56	40.6	47.88	25.1	27.57	0	25.54	72.54	48.78	47.09	44.8	50.23	42.26	25.05	50.35	40	25	43.68	50.54	28.43	47.02	46.2	45.35
5.14	11.06	11.79	10.9	8.72	9.76	10.65	10.83	6.69	10.82	9.79	20.71	4.59	9.53	0	7.22	9.8	9.9	11.42	9.97	9.23	10.96	10.49	8.39	12.51	12.76	5.93	14.73	10.35	9.83	10.14
0	3.89	6.3	0	4.2	0	0	0	6.3	0	0	0	4.29	0	0	0	0	4.49	0	0	0	3.73	3.86	0	0	0	6.3	4	0	4.08	3.52
0	3.89	6.3	0	4.2	0	0	0	6.3	0	0	0	4.29	0	0	0	0	4.49	0	0	0	3.73	3.86	0	0	0	6.3	4	0	4.08	3.52
0	0.11	0	0	0	0	0	0.02	0.07	0.75	0.09	0	0	0	0	0	0.11	0	0	0	0	0	0	0.22	0	0.03	0.18	0	0.42	0.39	0.01
10.99	10.74	10.98	10.96	10.93	15	10.95	10.91	11.01	9.82	10.78	11.01	10.84	9.67	11	11.05	10.76	10.89	0	11.02	10.71	10.98	10.99	10.94	9.61	11.22	11.08	1.8	10.57	10.12	10.84
12.01	13.54	13.98	14.72	13.66	15.08	15.98	13.79	13.5	12.55	12.43	10	16.57	13.11	15.08	12.44	12.28	13.32	15.28	0	13.07	14.12	11.75	13.2	11.91	12.89	12.77	13.22	12.96	14.11	13.73
0	3.89	6.3	0	4.2	0	0	0	6.3	0	0	0	4.29	0	0	0	0	4.49	0	0	0	3.73	3.86	0	0	0	6.3	4	0	4.08	3.52
9.63	11.69	11.81	9.91	10.3	8.77	7.85	7.04	11.34	6.54	7.93	12.79	5.37	6.38	14.9	9.5	8.5	11.11	7.48	7.04	5.48	0	11.39	8.61	13.44	10.54	7.99	4.59	7.91	8.87	7.99
0	3.98	0	0	5.19	0	0	0	0	0	0	0	5.97	0	0	0	0	4.23	0	0	0	5.35	0	0	0	0	0	1.59	0	4.71	2.22
0	3.89	6.3	0	4.2	0	0	0	6.3	0	0	0	4.29	0	0	0	0	4.49	0	0	0	3.73	3.86	0	0	0	6.3	4	0	4.08	3.52
12.7	6.19	3.92	5.16	5.66	6.2	12.13	7.59	5.06	4.63	5.55	5.8	11.95	7.22	3.99	6.85	6.23	6.67	17.24	14.23	4.52	10.65	4.5	9.38	0	6.67	6.97	20.24	7.21	7.73	5.96
0	3.89	6.3	0	4.2	0	0	0	6.3	0	0	0	4.29	0	0	0	0	4.49	0	0	0	3.73	3.86	0	0	0	6.3	4	0	4.08	3.52
0	3.94	4.76	0	4.05	0	0	3.88	4.6	4.95	4.35	4.36	3.38	0	0	3.89	5.03	4.56	0	0	4.15	3.52	4.4	4.18	0	5.27	0	4.38	4.74	4.11	4.01
8.24	6.46	5.18	6.67	5.96	7.9	9.71	3.26	5.24	2.73	1.7	4.47	5.72	8.96	13.5	0.52	2.06	5.46	14.71	12.11	1.78	7.47	4.55	4.58	11.25	4.19	5.81	0	2.19	6.07	6.17
0	3.89	6.3	0	4.2	0	0	0	6.3	0	0	0	4.29	0	0	0	0	4.49	0	0	0	3.73	3.86	0	0	0	6.3	4	0	4.08	3.52
0.31	3.04	3.97	0.18	0.2	0.92	4.06	3.03	2.46	3.2	3.41	4.08	0.77	0.58	0	2.69	3.47	3.17	3.09	3.43	3.18	2.91	3.14	3.61	0.2	3.54	3.09	0.31	2.86	0	3.04
7.1	12.4	9.3	5.92	6.35	13.37	4.09	10.98	12.16	14.79	6.75	8.41	4.47	7.41	8.97	6.92	11.21	10.88	9.96	4.05	7.93	6.63	4.09	11.42	6.19	16.33	13.46	6.18	11.35	6.45	0
0	11.4	14.01	14.57	6.34	15.74	14.82	11.64	7.45	12.81	13.44	20	12.53	4.94	17.23	13.12	14.14	11.34	14.2	14.85	9.33	13.24	14.39	12.53	4.26	14.06	14.01	12.53	12.5	13.39	12.07
0	0	0.03	0	0.08	11.01	0.29	0.02	0.01	0.3	0.31	5	0	1.23	0.07	0	0.05	0.08	0.06	0	0.07	0	0.01	0	0.04	0.01	0.31	11.01	0.5	0.03	0.01
0	0.01	0	0.53	0.02	6.3	0.49	0.26	0.01	0.06	0.19	0.15	1.59	1.07	1.84	0	0.13	0.36	0.22	0.15	0.01	0	0.33	0	0	0.49	0.7	0	0.11	0.04	0.09
30.46	29.82	34.26	0	29.83	21.59	19.62	28.22	34.41	28.75	27.96	35	32.43	11.79	19.62	33.66	23.26	22.67	24.44	28.29	26.15	33.33	33.79	31.5	24.04	33.89	24.72	13.02	23.73	25.78	20.55
0	0.47	2.08	0	0	6.98	0.08	2.44	2.96	2.74	2.53	6.98	1.95	0	0	3.54	2.22	1.86	0	0	0.5	0	1.99	1.95	0	2.23	3.33	6.98	3.34	0.02	1.26
11	11	11	11	11	0	11	11	11	11	11	10.94	10.94	10.94	11	11	11	11	11	11	11	11	11	10.94	11	11	11	11	11	11	11
30.29	14.95	9.39	10.93	12.51	30.29	0	16.69	17.49	19.43	16.62	18.5	17.58	50	35.08	22.88	18.21	24.47	22.61	30.24	17.73	18.55	15.52	30.29	30.29	26.1	17.71	9	17.48	14.28	20.31
0	5.08	6.3	0	4.65	0	0	0	6.3	0	0	0	5.15	0	0	0	0	4.81	0	0	0	4.61	4.51	0	0	0	6.3	4.44	0	4.71	2.05
0.9	0.9	0.91	2.19	0.94	6.3	0.19	1.02	0	0.99	0.97	6.3	0.83	0.9	0.9	0.9	1	1.42	0.97	0.94	1.99	0.9	0.89	0.9	0.9	1.06	0.9	0.9	1.04	0.97	0.87
0	5.08	6.3	0	4.65	0	0	0	6.3	0	0	0	5.15	0	0	0	0	4.81	0	0	0	4.61	4.51	0	0	0	6.3	4.44	0	4.71	2.05
0	5.08	6.3	0	4.65	0	0	0	6.3	0	0	0	5.15	0	0	0	0	4.81	0	0	0	4.61	4.51	0	0	0	6.3	4.44	0	4.71	2.05
0	5.08	6.3	0	4.65	0	0	0	6.3	0	0	0	5.15	0	0	0	0	4.81	0	0	0	4.61	4.51	0	0	0	6.3	4.44	0	4.71	2.05
0	9.32	7.67	2.5	8.61	6.3	8.38	8.38	0	8.74	8.34	8.82	0	2.5	1.98	8.28	8.87	7.67	8.9	6.3	8.48	6.3	7.64	9.19	0.89	7.69	9.3	8.88	8.56	8.82	5.69
65	63.53	63.07	61.2	58.05	27.48	56.53	61.56	55	58.82	51.49	27.48	55	0	62.32	56.6	59.65	58.39	59.01	200	57.38	55	55	27.48	27.48	62.3	59.16	65	62.54	59.69	58.85
19.51	17.57	18.78	10.86	16.53	16.94	15.5	24.14	18.33	19.22	17.99	12.51	23	11.28	0	13.87	17.56	19.97	17.45	12.38	17.28	25	25	10	12.51	24.88	18.65	20	20.32	16.66	15.44
0	5.08	6.3	0	4.65	0	0	0	6.3	0	0	0	5.15	0	0	0	0	4.81	0	0	0	4.61	4.51	0	0	0	6.3	4.44	0	4.71	2.05
0	5.08	6.3	0	4.65	0	0	0	6.3	0	0	0	5.15	0	0	0	0	4.81	0	0	0	4.61	4.51	0	0	0	6.3	4.44	0	4.71	2.05
0	0	0	0	0	0	0	0	0	0	0	0	0	0	0	0	0	0	0	0	0	0	0	0	0	0	0	0	0	0	0
11	11	11	11	11	8.53	11	11	11	11	11	11	11	11	11	11	11	11	0	11	11	11	11	11	11	11	11	11	11	11	11
12.06	18.86	13.32	17.15	17.16	16.67	17.05	11.41	19.22	15.6	14.63	11.91	16.6	16.3	16.67	12.08	12.45	13.32	15.39	0	13.55	15.86	12.7	11.91	20	13.39	11.64	11.91	12.76	14.55	16.05
0	5.08	6.3	0	4.65	0	0	0	6.3	0	0	0	5.15	0	0	0	0	4.81	0	0	0	4.61	4.51	0	0	0	6.3	4.44	0	4.71	2.05
0	0.33	0	0.37	0.1	9.21	0	0.22	0	0.08	0.58	9.21	0	9.21	0	0.01	0.07	0.56	0.01	0	0.34	0	0	9.21	0	0	2.35	9.21	1.44	0.06	0.06
0	3.8	0	0	3.97	4.98	0	0	0	0	0	0	3.81	0	0	0	0	3.88	0	0	0	3.8	0	0	0	0	0	4	0	3.95	2.28
0	5.08	6.3	0	4.65	0	0	0	6.3	0	0	0	5.15	0	0	0	0	4.81	0	0	0	4.61	4.51	0	0	0	6.3	4.44	0	4.71	2.05
2.45	1.13	1.89	0	0.54	0	0.14	2.64	0.28	1.75	1	0.27	2.76	2.98	0	0.17	0.56	0.73	1.72	0.14	1.26	0.07	1.49	0.32	0	1.14	2.74	2.26	1.01	1.22	1.26
0	5.08	6.3	0	4.65	0	0	0	6.3	0	0	0	5.15	0	0	0	0	4.81	0	0	0	4.61	4.51	0	0	0	6.3	4.44	0	4.71	2.05
0	4.29	5.55	0	4.9	6.3	0	4.97	3.72	4.2	4.16	8.05	4.3	0	0	4.53	4.62	5	0	0	5.14	5.4	4.46	4.98	0	4.54	0	5.5	3.77	4.54	3.08
5.77	5.3	5.19	5.55	4.57	7.9	5.44	1.66	4.85	1.36	1.7	1.79	4.92	7.9	4.95	1.59	1.66	6.62	4.91	4.99	1.76	7.9	4.81	1.76	4	1.6	4.84	0	1.79	4.8	4.83
0	5.08	6.3	0	4.65	0	0	0	6.3	0	0	0	5.15	0	0	0	0	4.81	0	0	0	4.61	4.51	0	0	0	6.3	4.44	0	4.71	2.05
0	2.28	1.75	0	0	0	2.28	2.04	1.94	2.67	2.16	2.27	0	0	0	2.29	2.28	2.35	2.14	2.2	3.01	1.78	1.83	2.02	0	2.74	2.46	0	2.6	0	1.69
9.79	8.19	13.69	4.15	5.33	11.18	1.68	3.17	9.38	7.24	2.6	1.99	6.66	4.7	2.22	1.95	3.82	7.02	2.75	5.66	1.56	5.48	4.56	5.98	4.03	10.22	8.12	4.9	3.14	5.35	0
0	15	14.82	14.95	14.44	14.99	14.99	14.74	14.95	14.85	14.94	15	15	15	15	15	14.91	14.87	14.87	15	14.99	14.11	15	15	15	14.97	14.98	14.69	14.91	14.89	14.92
8.61	0	13.2	9.65	11.01	10	8.38	13.04	12.43	12.65	12.46	8.5	5.53	5.39	9.46	14.11	12.27	10.65	7.86	9.66	11.59	0	11.84	12.07	14.4	14.31	12.99	9.05	11.3	12.92	7.8
4.68	9.75	0	4.44	10.37	4.91	10.05	9.32	8.4	9.74	9.78	9.51	9.34	3.14	4.06	9.5	8.67	10.71	4.03	4.77	9.79	10.51	9.38	9.28	8.05	10	9.9	3.05	8.86	9.72	8.89
17.44	18.76	16.98	0	18.35	19.95	18.14	12.89	16.59	17.96	18.06	14.66	19.03	19.96	20	16.38	17.11	18.1	18.36	19.22	17.22	20	18.45	16.36	19.92	14.94	18.32	13.02	18.91	17.03	17.76
5.25	8.22	9.13	4.74	0	7.5	5.77	9.1	8.45	10.09	9.14	11.64	10.42	7.37	6.93	8.46	9.73	8.63	5.94	3.04	10.24	5.67	11.31	2.35	4.75	9.78	9.47	11.93	7.83	3.2	8.12
11	11	11	11	11	0	11	11	11	11	11	11	11	11	11	11	11	11	11	11	11	11	11	11	11	11	11	11	11	11	11
32.5	21.82	26.19	26.04	25.69	29.49	0	27.29	25.66	27.16	28.17	35.47	30.83	32.69	36.59	41	29.31	30.94	30.49	28.63	27.87	25.11	29	39.69	35.88	30.49	26.68	33.76	28.95	28.61	33.12
0	5.43	6.3	0	5.26	0	0	0	6.3	0	0	0	4.56	0	0	0	0	5.3	0	0	0	5.64	5.97	0	0	0	6.3	4.57	0	5.73	3.76
10.73	15.04	11.92	5.5	9.85	20	8.36	11.09	0	11.72	12.42	6.25	8.57	9.37	7.66	11.8	10.15	8.84	9.64	9.27	10.05	4.33	10.47	11.88	6.3	10.56	10.36	5.45	10.44	10.19	10.68
0	5.43	6.3	0	5.26	0	0	0	6.3	0	0	0	4.56	0	0	0	0	5.3	0	0	0	5.64	5.97	0	0	0	6.3	4.57	0	5.73	3.76
0	5.43	6.3	0	5.26	0	0	0	6.3	0	0	0	4.56	0	0	0	0	5.3	0	0	0	5.64	5.97	0	0	0	6.3	4.57	0	5.73	3.76
0	5.43	6.3	0	5.26	0	0	0	6.3	0	0	0	4.56	0	0	0	0	5.3	0	0	0	5.64	5.97	0	0	0	6.3	4.57	0	5.73	3.76
6.3	11.19	10.06	10.26	41.41	6.3	13.51	12	0	8.36	8.9	8.78	0	5.28	6.76	9.69	13.39	10.66	24.72	7.61	9.71	10.3	15.1	11.07	18.36	10.85	9.41	4.12	11.48	12.42	12.3
100	50.03	60.36	57.31	56.58	25	54.19	37.08	29.7	48.49	48.3	52.79	59.13	0	59.12	54.81	45.45	52.06	52.97	57.03	55.49	61.2	63.62	50	27.48	33.39	51.45	25	48.46	51.28	50.04
29.45	23.49	23.49	7.04	23.77	12.27	17.88	20	21.79	15.67	23.98	32.21	18.94	5.79	0	39.84	21.01	18.43	17.04	22.1	10.76	33.68	5.97	35	12.51	23.29	14.24	5	16.22	18.13	16.15
0	5.43	6.3	0	5.26	0	0	0	6.3	0	0	0	4.56	0	0	0	0	5.3	0	0	0	5.64	5.97	0	0	0	6.3	4.57	0	5.73	3.76
0	5.43	6.3	0	5.26	0	0	0	6.3	0	0	0	4.56	0	0	0	0	5.3	0	0	0	5.64	5.97	0	0	0	6.3	4.57	0	5.73	3.76
0	1.04	0.38	0	0.83	0	0	0.14	0.1	0.28	0.2	0	0	0	0	0.32	0.23	0	0	0	0.17	0.23	0.07	5.24	0	0.16	0.27	0	0.22	0.5	0.01
11	10.97	11.01	11	10.97	11	11.06	11.23	11.04	10.88	10.96	11	10.92	11	11	11.12	11.02	10.97	0	11.04	10.93	11.28	11.01	11	11	10.88	11.01	11	11.07	10.99	10.93
13.02	13.23	12.5	12.67	13.35	13.22	17.53	13.1	14.07	12.82	12.91	11.67	13.22	13.39	12.43	19.38	12.69	12.78	13.23	0	13.89	13.52	13.16	13.3	11.91	14.3	13.19	11.91	13.16	13.44	13.8
0	5.43	6.3	0	5.26	0	0	0	6.3	0	0	0	4.56	0	0	0	0	5.3	0	0	0	5.64	5.97	0	0	0	6.3	4.57	0	5.73	3.76
0	14.89	13.93	6.28	12.74	9.21	11.45	12.77	13.07	12.39	12.49	13.14	6.1	8.92	16.21	12.79	13.4	12.84	15.31	13.13	13.18	0	11.37	12.21	13.43	13.51	14.15	7.39	12.58	12.71	13.54
0	4.85	0	0	4.77	4.98	0	0	0	0	0	0	4.75	0	0	0	0	4.28	0	0	0	5.59	0	0	0	0	0	5.61	0	4.82	1.99
0	5.43	6.3	0	5.26	0	0	0	6.3	0	0	0	4.56	0	0	0	0	5.3	0	0	0	5.64	5.97	0	0	0	6.3	4.57	0	5.73	3.76
10.78	12.56	9.99	16.66	10.41	14.38	14.57	8.47	11.88	13.07	12.16	17.16	17.46	13.89	22.17	12.24	13.26	12.5	15.72	7.71	13.25	11.49	12.02	8.68	0	15.12	10.12	17.15	11.76	12.18	13
0	5.43	6.3	0	5.26	0	0	0	6.3	0	0	0	4.56	0	0	0	0	5.3	0	0	0	5.64	5.97	0	0	0	6.3	4.57	0	5.73	3.76
0	5.78	5.48	0	5.61	0	0	5.03	5.94	5.09	5.02	6.86	5.63	0	0	7.17	6.17	4.96	0	0	5.33	6.1	6.8	3.55	0	4.49	0	5.92	5.36	5.51	4.84
7.5	7.35	6.87	6.16	8.01	7.9	8.22	4.18	7.66	3.89	4.01	5.2	6.73	6.49	12.02	4.56	3.38	8.16	8.56	8.59	4.09	7.58	7.37	3.99	8.78	3.26	9.35	0	4.18	8.19	8.27
0	5.43	6.3	0	5.26	0	0	0	6.3	0	0	0	4.56	0	0	0	0	5.3	0	0	0	5.64	5.97	0	0	0	6.3	4.57	0	5.73	3.76
0	3.99	4.26	0	0.25	0	5.45	4.59	3.7	4.81	4.37	4.58	0	0	0	4.54	4.26	4.4	4.23	4.69	4.01	4.44	4.46	5.06	0	4.31	4.11	0	4.17	0	3.01
3.39	16.61	23.15	5.17	12.39	17.52	3.51	8.11	16.05	21	8.31	21.07	4.74	7.55	8.26	13.27	14.09	14.27	5.81	5.37	10.52	9.01	12.78	20.83	10.12	19.79	19.04	5.76	14.56	9.16	0
0	8.07	15.73	15.14	10.63	18.23	16.75	14.72	9.45	13.75	14.92	12.53	12.53	19.12	19.98	14.45	13.54	13.03	15.24	15.33	14.19	8.74	16.16	14.22	18.31	14.82	11.8	22	10.39	13.29	17.1
13	0	11.96	8.83	7.27	11.01	9.74	13.19	13.52	9.87	9.83	15	0.21	9.65	9.75	7.93	12.96	9.6	6.5	6.71	11.48	0	11.36	14.43	12.54	9.32	11.01	11.01	9.54	9.31	6.51
6.21	7.04	0	4.84	5.94	6.3	17.15	9.92	7.95	11.06	6.43	7.1	7.6	6.85	17.36	5.87	8.41	10.89	9.37	3.34	4.6	7.9	6.67	14.88	0.71	9.14	6.96	9.75	7.81	3.02	5.7
22.85	13.32	15.01	0	19.49	20	20.55	19.55	9.83	19.65	16.99	37.5	19.07	5	44.84	21.04	19.63	17.26	18.27	19.19	10.73	18.86	19.17	21.51	22.34	18.45	15.78	13.02	11.59	16.81	20.6
0	7.87	4.49	0.38	0	5	2.66	7.92	8.03	1.26	5.04	6.98	9.2	1.78	1.38	7.47	1.85	3.81	1.59	2.91	6.61	1.93	7.85	4.75	0.89	10.09	8.46	8.72	5.1	0.55	1.69
11	11	11	11	11	0	11	11	11	11	11	11	10.94	11	11	11	11	11	11	11	11	11	11	11	11	11	11	11	11	11	11
14.04	20.23	24.98	22.99	16.35	34.8	0	17.13	15.14	17.87	14.13	13.68	16.69	30.86	41.33	15.39	21.68	38.88	34.82	19.88	14.96	15.19	16.72	19.11	15.86	16.74	19.07	20.75	17.24	18.21	29.5
0	6.37	6.3	0	8.74	0	0	0	6.3	0	0	0	6.32	0	0	0	0	8.19	0	0	0	5.42	6.2	0	0	0	6.3	12.92	0	9.65	2.77
5	5.04	13.28	0.7	8.38	6.3	13.77	11.35	0	10.9	7.43	21	7.71	5.35	19.94	3.16	5.9	8.21	12.76	3.3	7.93	4.89	6.35	14.62	6.3	14.26	9.82	16.2	7.84	3.45	7.44
0	6.37	6.3	0	8.74	0	0	0	6.3	0	0	0	6.32	0	0	0	0	8.19	0	0	0	5.42	6.2	0	0	0	6.3	12.92	0	9.65	2.77
0	6.37	6.3	0	8.74	0	0	0	6.3	0	0	0	6.32	0	0	0	0	8.19	0	0	0	5.42	6.2	0	0	0	6.3	12.92	0	9.65	2.77
0	6.37	6.3	0	8.74	0	0	0	6.3	0	0	0	6.32	0	0	0	0	8.19	0	0	0	5.42	6.2	0	0	0	6.3	12.92	0	9.65	2.77
6.3	9.04	11.17	11	10.3	6.3	13.56	13.34	0	9.65	10.24	14.33	0	9.96	0	8.62	8.6	12.07	9.25	9.99	10.83	6.3	18.61	7.73	10	7.59	10.13	16.24	11.14	10.25	9.81
65	65	65	65	65	65	65	65	65	65	65	65	65	0	65	65	65	65	65	65	65	65	65	65	27.48	65	65	27.48	65	65	65
12.51	16.7	29.39	0.23	15.81	10	5.17	19.6	24.52	22.71	15.87	10	30.69	0.03	0	30	14.49	10.41	3.5	7.96	15.11	20.61	29.71	12.51	12.51	18.51	14.56	8.81	28.68	18.89	4.68
0	6.37	6.3	0	8.74	0	0	0	6.3	0	0	0	6.32	0	0	0	0	8.19	0	0	0	5.42	6.2	0	0	0	6.3	12.92	0	9.65	2.77
0	6.37	6.3	0	8.74	0	0	0	6.3	0	0	0	6.32	0	0	0	0	8.19	0	0	0	5.42	6.2	0	0	0	6.3	12.92	0	9.65	2.77
0	0	0	0	0	0	0	0	0	0	0	0	0	0	0	0	0	0	0	0	0	0	0	0	0	0	0	0	0	0	0
11.77	11	10.55	12.53	10.53	13	12.15	11.91	10.62	10.44	10.34	11	11	10.98	10.97	10.09	10.7	10.63	0	10.9	10.71	11	11.16	10.99	10.59	10.32	10.95	10.87	10.52	10.25	10.18
18.62	14.24	17.46	12.09	14.81	18.06	17.93	15.82	13.89	13.79	14.62	11.91	11.67	11.59	17.94	10.61	13.75	14.55	15.6	0	11.36	14.57	14.54	12.53	11.91	16.5	11.17	11.91	14.75	14.96	15.55
0	6.37	6.3	0	8.74	0	0	0	6.3	0	0	0	6.32	0	0	0	0	8.19	0	0	0	5.42	6.2	0	0	0	6.3	12.92	0	9.65	2.77
9.5	11.13	13.48	5.91	11.88	0	14.42	12.04	10.78	11.46	10.53	9.21	9.42	8.37	18.96	9.95	12.42	8.33	7.97	2.12	10.39	0	9.86	6.49	19	17.22	10.29	9.21	10.13	9.79	5.95
4.98	4.84	0	0	9.15	4.98	0	0	0	0	0	0	9.44	0	0	0	0	10.01	0	0	0	5.16	0	0	0	0	0	21.56	0	7.91	2.08
0	6.37	6.3	0	8.74	0	0	0	6.3	0	0	0	6.32	0	0	0	0	8.19	0	0	0	5.42	6.2	0	0	0	6.3	12.92	0	9.65	2.77
67.5	9.36	4.04	3.61	8.39	53.78	24.61	9	6.91	2.96	7	15.21	0.09	0.72	32.8	0.7	7.72	13.5	9.35	0.1	6.74	12.67	10.88	27.57	0	10.38	4.95	27.1	5.53	6.64	16.03
0	6.37	6.3	0	8.74	0	0	0	6.3	0	0	0	6.32	0	0	0	0	8.19	0	0	0	5.42	6.2	0	0	0	6.3	12.92	0	9.65	2.77
0	6.96	9.57	0	6.29	0	0	6.05	6.07	10.03	9.63	5.29	9.8	0	0	6.74	7.88	8.69	0	0	8.71	6.2	6.64	7.4	0	6.89	0	6.28	7.94	10.69	4.02
7.9	8.45	11.36	14.94	11.44	7.9	11.71	4	10.9	3.74	2.33	1.93	10.44	12.05	8.83	4.67	2.89	11.49	13.45	9.78	1.31	7.9	10.69	3.43	12.15	3.21	13	0	4.66	10.59	12.15
0	6.37	6.3	0	8.74	0	0	0	6.3	0	0	0	6.32	0	0	0	0	8.19	0	0	0	5.42	6.2	0	0	0	6.3	12.92	0	9.65	2.77
1.28	3.13	3.04	3.72	0.02	0.14	5.09	4.6	5.01	2.44	3.47	4.55	0.26	0.39	0.45	2.37	4.56	3.28	2.03	4.41	3.7	3.82	5.49	2.08	0.15	2.13	5.16	0.69	2.63	0	1.37
5.17	12.62	19.23	1.25	11.56	4.69	2.93	13.67	8.76	11.09	7.83	9.45	6.7	6.64	3.11	9.09	8.53	11.95	6.72	5.35	9.36	12.23	6.53	7.19	10.19	17.07	16.12	14.17	7.36	10.81	0
0	14.79	14.99	14.85	14.85	17.74	16.24	14.67	13.18	14.78	14.08	15	15	14.75	20	14.92	14.88	14.28	15.08	18.39	12.8	14.97	15	13.33	15.13	15.84	14.61	15	14.05	14.27	16.93
4.41	0	11.94	6.17	8.35	11.01	2.95	8.27	8.16	7.92	6.89	11.99	6.14	5.65	2.6	7.72	9.92	5.37	5.64	4.01	2.97	0	7.39	4.99	7.24	9.84	8.3	7.52	6.88	6.93	3.51
2.95	5.56	0	2.78	5.74	3.2	5.4	5.11	5.83	6.27	6.05	10.23	5.74	3.12	1.14	6.01	6.59	4.91	2.86	5.18	5.41	5.57	5.87	4.71	6.23	6.57	5.78	3.4	5.93	5.46	5.1
16.72	7.54	14.25	0	12.64	18.66	8.74	12.34	13.31	14.46	15.65	20	16.39	17.16	20	15.66	16.7	16.83	17.42	17.6	15.38	18.35	11.94	17.99	18.63	18.04	16.42	13.02	14.16	15.35	18.06
1.42	3.88	5.22	2.12	0	15	5.12	3.61	3.63	4.06	3.1	7.15	4.77	1.62	2.47	2.18	4.18	4.49	3.33	2.4	5.48	1.63	4.83	4.87	3.88	5.12	4	0	4.47	1.58	6.05
11	11	11	11	11	0	11	11	11	11	11	11	11	11	11	11	11	11	11	11	11	11	11	11	11	11	11	10.94	11	11	11
50	11.65	13.09	38.37	13.94	55	0	16.74	13.83	17.67	14.05	37.5	21.06	16.6	37.5	33.42	16.12	32.2	23.32	30.29	15.48	18.73	11.65	9.99	51.64	23.33	12.01	52.67	16.67	17.94	34.12
0	5.26	6.3	0	5.08	0	0	0	6.3	0	0	0	5.85	0	0	0	0	6.06	0	0	0	5.12	5.52	0	0	0	6.3	3.63	0	5.26	3.66
3.74	4.14	5.06	2.56	4.58	6.3	3.96	4.7	0	3.92	4.42	5.15	6.04	5.96	2.5	4.47	4.36	3.7	4.35	1.02	4.32	5.64	4.81	3.94	6	4.72	4.71	4	4.44	4.32	4.45
0	5.26	6.3	0	5.08	0	0	0	6.3	0	0	0	5.85	0	0	0	0	6.06	0	0	0	5.12	5.52	0	0	0	6.3	3.63	0	5.26	3.66
0	5.26	6.3	0	5.08	0	0	0	6.3	0	0	0	5.85	0	0	0	0	6.06	0	0	0	5.12	5.52	0	0	0	6.3	3.63	0	5.26	3.66
0	5.26	6.3	0	5.08	0	0	0	6.3	0	0	0	5.85	0	0	0	0	6.06	0	0	0	5.12	5.52	0	0	0	6.3	3.63	0	5.26	3.66
33.75	10.46	9.68	5.88	7.87	6.3	10.46	9.19	0	9.97	9.13	12.15	0	6.3	10.57	10.81	9.53	9.46	8.2	9.8	9.06	10.21	9.13	4.68	8.36	11.74	8.05	12.82	9.4	8.65	10.02
65	50.87	54.16	58.96	57.94	27.48	64	60.74	61.18	59.18	57.39	100	56.54	0	65	56.06	58.31	57.16	59.34	65	52.15	60.96	63.78	27.48	27.48	52.39	53.69	35	56.77	57.03	56.72
5	6.22	15.23	5.04	9.79	11.64	8.69	5.35	7.04	8.37	7.81	5	5	5.3	0	7.06	4.85	8.02	10.92	10.71	7.96	9.58	5.34	10	12.51	15.67	5.3	0	9.62	8.25	8.85
0	5.26	6.3	0	5.08	0	0	0	6.3	0	0	0	5.85	0	0	0	0	6.06	0	0	0	5.12	5.52	0	0	0	6.3	3.63	0	5.26	3.66
0	5.26	6.3	0	5.08	0	0	0	6.3	0	0	0	5.85	0	0	0	0	6.06	0	0	0	5.12	5.52	0	0	0	6.3	3.63	0	5.26	3.66
0	1.07	2.39	0	0.01	0	0	0.08	0	0.32	0.11	0	0	0	0	0.04	1.04	0	0	0	0	0	0	0	0	0.04	0.04	0	0.03	0.05	0.01
10.99	10.99	10.97	11.09	11	11	11.34	10.99	10.97	11	10.96	10.91	10.97	11.06	10.98	10.98	10.96	11	0	10.97	10.99	11	10.92	15	11	11	10.98	11	10.99	10.98	11.2
13.57	11.24	13.57	13.04	12.35	15.18	16.92	11.56	12.08	12.27	12.21	15	11.38	15.34	11.79	11.99	12.27	13.04	13.45	0	10.8	10.78	11.89	12.95	12.49	13.48	12.04	11.91	11.33	12.47	15.12
0	5.26	6.3	0	5.08	0	0	0	6.3	0	0	0	5.85	0	0	0	0	6.06	0	0	0	5.12	5.52	0	0	0	6.3	3.63	0	5.26	3.66
1.86	5.24	10.54	0.64	8.13	15	2.8	3.95	5.74	2.96	5.75	0	8.63	6.9	0	2.6	9.97	4.78	3.44	1.71	1.42	0	7.27	2.7	4.12	10.37	4.4	0	9.61	6.31	4.48
0	3.85	0	0	6.78	4.98	0	0	0	0	0	0	6.66	0	0	0	0	4.87	0	0	0	3.48	0	0	0	0	0	3	0	5.15	0.74
0	5.26	6.3	0	5.08	0	0	0	6.3	0	0	0	5.85	0	0	0	0	6.06	0	0	0	5.12	5.52	0	0	0	6.3	3.63	0	5.26	3.66
4.98	2	2.86	2.2	3.5	0.11	5.14	3.9	4.18	2.51	4.19	1.63	11.4	6.07	1.51	5.55	3.31	4.55	6.82	6.26	2.83	4.1	0.13	2.79	0	2.63	2.94	3.72	4.46	3.91	4.52
0	5.26	6.3	0	5.08	0	0	0	6.3	0	0	0	5.85	0	0	0	0	6.06	0	0	0	5.12	5.52	0	0	0	6.3	3.63	0	5.26	3.66
0	5.92	5.74	0	5.64	0	0	5.06	4.84	5.47	5.24	5.34	5.84	0	0	5.78	5.41	5.86	0	0	5.32	4.92	5.74	5.95	0	3.88	0	3.86	5.53	4.88	4.1
7.9	7	7.2	6.21	5.08	7.9	8.84	0.77	6.9	1.4	1.36	1.46	6.78	6.63	9.79	2.19	1.81	7.03	8.01	6.33	1.21	4.88	6.76	0.17	6.27	1.6	6.11	0	1.5	6.44	7.47
0	5.26	6.3	0	5.08	0	0	0	6.3	0	0	0	5.85	0	0	0	0	6.06	0	0	0	5.12	5.52	0	0	0	6.3	3.63	0	5.26	3.66
0	6	6.21	0.04	1.19	0	4.92	5.05	5.4	4.75	5.1	6.89	0	0.08	0	5.88	6.3	5.34	5.7	5.56	4.08	4.73	4.95	3.52	0.06	4.51	5.11	0	5.37	0	3.73
5.5	6.29	4.81	3.38	5.8	3.62	1.47	4.86	5.31	7.78	3.17	5.36	6.2	1.61	3.71	6.11	5.22	8.53	5.49	2.06	3.54	5.46	5.45	3.44	2.19	11.04	6.46	3.66	6.98	5.72	0
0	15	4.16	14.88	11.82	17.59	14.77	15	15	13.92	17.56	22	15	19.77	12.53	15	15.08	18.51	18.78	17.4	12.61	7.5	12.53	20	10	15.59	17.79	15	18.91	16.75	17.82
7.69	0	13.18	11.12	7.97	11.01	10.48	10.35	18.06	15.87	17.1	14.74	8.42	8.58	1.46	15.02	14.35	16.66	13.15	10.8	15.49	0	10.21	15.63	10.17	16.95	16.92	9.14	16.51	13.44	10.98
19.63	34.06	0	4.82	22.62	6.3	6.96	21.56	19.38	32.2	23.99	26.92	9.74	6.36	6.3	20.32	18.65	32.66	28.82	4.5	18.35	6.3	11.14	34.49	7.19	31.64	18.23	4.21	29.98	16.51	30.39
25.76	20	20.03	0	30.55	34.27	22.86	20	26.88	24.02	23.93	13.02	20.08	20	13.02	20	27.01	29.47	33.51	23.03	24.56	20	20.05	25.04	20	25.35	23.21	20.23	23.24	28.12	24.02
2.7	3.21	7.25	2.48	0	6.98	3.43	4.35	7.01	4.64	7.97	7.39	3.46	1.64	1.3	5.73	5.06	8.44	5.31	5.96	8.59	4.63	5	3.1	2.99	4.09	8.75	3.27	7.21	3.63	6.57
11	11	11	11	10.8	0	11	11	11	10.5	11	11	10.94	11	10.94	10.94	11	11	11	11	11	11	11	11	11	11	11	11	11	11	11
50	20.48	25.69	27.69	26.2	30.29	0	27.48	16.61	155.36	158.96	58.42	81.06	24.31	170.06	30.29	50.04	94.45	103.29	80	14.27	13.26	16.06	50	180.04	17.83	52.18	33.33	17.32	139.24	50.04
3.68	7.84	6.3	1.93	8.85	0.04	2.21	0	6.3	0	0	0	6.87	1.62	0.71	0	0	9.58	6.27	0.6	0	9.34	8.16	0	1.53	0	6.3	8.76	0	8.52	7.94
4	4.04	4.98	4.61	5.23	6.3	4.6	4.91	0	5.29	5.74	5.18	7.8	4.04	6.3	5.01	5.04	5.25	5.26	4.52	5.65	5.96	5.42	7.07	4	5.28	7.01	4.48	4.69	5.07	6.05
3.68	7.84	6.3	1.93	8.85	0.04	2.21	0	6.3	0	0	0	6.87	1.62	0.71	0	0	9.58	6.27	0.6	0	9.34	8.16	0	1.53	0	6.3	8.76	0	8.52	7.94
3.68	7.84	6.3	1.93	8.85	0.04	2.21	0	6.3	0	0	0	6.87	1.62	0.71	0	0	9.58	6.27	0.6	0	9.34	8.16	0	1.53	0	6.3	8.76	0	8.52	7.94
3.68	7.84	6.3	1.93	8.85	0.04	2.21	0	6.3	0	0	0	6.87	1.62	0.71	0	0	9.58	6.27	0.6	0	9.34	8.16	0	1.53	0	6.3	8.76	0	8.52	7.94
12.97	24.78	12.87	12.87	25.49	6.3	12.39	12.52	0	24.8	21.26	8.66	0	23.03	16.25	34.33	21.39	26.09	27.75	6.3	15.97	6.3	17.32	26.14	14.87	18.35	16.37	12.64	26.35	20.93	24.19
35	58.47	65	65	65	27.48	65	65	64.72	64.99	64.92	65	65	0	65	27.48	64.93	65	65	65	60.43	27.48	64.7	40	65	65	59.07	65	64.95	64.45	64.63
58.73	68.99	10.96	37.58	25.31	60	14.08	7.55	22.47	23.69	82.92	12.51	14.97	27.38	0	15.91	31.94	54.35	55.45	28.37	5.97	7.91	12.82	22.5	12.51	48.72	30.84	12.51	35.36	19.4	66.16
3.68	7.84	6.3	1.93	8.85	0.04	2.21	0	6.3	0	0	0	6.87	1.62	0.71	0	0	9.58	6.27	0.6	0	9.34	8.16	0	1.53	0	6.3	8.76	0	8.52	7.94
3.68	7.84	6.3	1.93	8.85	0.04	2.21	0	6.3	0	0	0	6.87	1.62	0.71	0	0	9.58	6.27	0.6	0	9.34	8.16	0	1.53	0	6.3	8.76	0	8.52	7.94
0	0	0	0	0	0	0	0	0	0	0	0	0	0	0	0	0	0	0	0	0	0	0	0	0	0	0	0	0	0	0
9.57	11	12.6	10.84	13.16	20	11.09	9.58	12.81	11.18	11.95	11	9.57	10.56	11	11	12.2	10.96	0	11	10.07	10.96	9.96	11	11	11.09	15.87	11	10.99	11.62	11.17
12.3	12.07	13.01	16.54	15.63	11.91	12.6	15.41	12.5	12.74	13.09	11.85	11.91	13.14	15	12.61	12.82	16.49	12.02	0	12.51	11.25	11.96	11.96	12.5	12.94	12.16	11.91	12.52	14.63	14.07
3.68	7.84	6.3	1.93	8.85	0.04	2.21	0	6.3	0	0	0	6.87	1.62	0.71	0	0	9.58	6.27	0.6	0	9.34	8.16	0	1.53	0	6.3	8.76	0	8.52	7.94
7.7	19.21	17.98	11.44	10.39	9.21	11.25	7.92	6.37	18.52	17.3	7	13.33	11.28	5.83	7	17.11	18.02	17.74	14.69	8.86	0	8.47	13.33	6.15	13.21	7.8	11.8	15.86	10.95	13.98
0	3.61	0	0	5.52	0	0	0	0	0	0	0	3.79	0	4.98	0	0	5.13	0	0	0	3.8	0	0	0	0	0	3.13	0	4.96	4.68
3.68	7.84	6.3	1.93	8.85	0.04	2.21	0	6.3	0	0	0	6.87	1.62	0.71	0	0	9.58	6.27	0.6	0	9.34	8.16	0	1.53	0	6.3	8.76	0	8.52	7.94
10.82	24.5	16.03	27.67	27.68	41.17	17.54	35.46	28.5	13.56	28.53	39.84	13.61	26.33	10.91	21.91	24.51	46.57	35.55	11.26	14.78	50	4.45	40.7	0	17	77.67	12.44	26.51	20.37	21.11
3.68	7.84	6.3	1.93	8.85	0.04	2.21	0	6.3	0	0	0	6.87	1.62	0.71	0	0	9.58	6.27	0.6	0	9.34	8.16	0	1.53	0	6.3	8.76	0	8.52	7.94
6.98	6.39	8.06	1.62	11.46	6.01	3.41	7.49	10.37	8.87	8.26	9.73	7.68	0.83	10.36	5.38	7.87	8.85	6.51	5.21	9.07	11.34	8.57	6.68	1.77	8	0	4.96	7.46	8.32	9.84
9.93	10.01	9.55	9.91	9.57	7.9	9.32	4.9	8.14	5.33	6.12	5.03	8.02	7.83	7.9	4.97	5.63	8.75	7.8	10.21	4.84	7.9	9.55	6.39	10.22	6.62	8.24	0	5.22	8.88	8.01
3.68	7.84	6.3	1.93	8.85	0.04	2.21	0	6.3	0	0	0	6.87	1.62	0.71	0	0	9.58	6.27	0.6	0	9.34	8.16	0	1.53	0	6.3	8.76	0	8.52	7.94
0.02	2.33	1.72	0.18	0.04	0	1.67	1.88	2.26	2.06	2.29	2.45	0.1	0.08	0.04	1.94	1.87	2.56	2.35	2.74	1.94	1.82	3.66	1.63	0.05	1.5	2.47	0	2.62	0	2.09
4.14	9.74	25.49	5.39	10	7.22	14	9.44	9.72	23.87	11.59	8.03	6.31	12.58	12.42	8.17	10.09	17.22	11.12	2.55	7	10.17	8.15	12.97	4.25	10.83	12.13	8.57	14.12	8.96	0
0	15	18.1	19.52	15.1	17.1	19.47	15	12.53	7.41	17.78	20	12.53	17.83	20	12.53	17.24	19.23	19.26	19.97	5.51	22	15	12.53	15	4.79	15	12.53	8.71	5.7	17.41
12	0	7.69	0.82	0.23	5.8	8.32	9.49	11.74	1.1	7.47	0	11.01	2.59	1.17	0	1.88	5.56	4.98	9.88	7.67	0	7.47	0	14.13	3.19	1.51	5	0.73	0.6	2.96
6.3	7.05	0	2.16	0.12	2.5	18.49	4.83	12.07	5.55	8.36	4.56	6.26	7.12	12.14	6.96	15.56	11.61	0.57	3	8.14	8.26	7.51	10.96	7	13.64	3.91	12.7	6.7	2.93	9.28
12.51	85	5.77	0	1.56	20	20.08	0	12.5	0.73	3.09	13.02	45	21.41	20	0	11.72	23.27	19.49	35	12.28	0	0	5.99	20	20	20	13.02	4.05	3.82	19.97
0	2.65	0.51	3.2	0	6.98	5.15	11.53	14.36	0.23	8.19	0	15	6.94	7.31	4.39	3.48	9.19	3.62	5.58	4.99	6.62	7.37	0	10.5	0.02	7.54	0	1.91	0.55	5.92
10.27	11	11	11	10.9	0	11	11	11	4.23	6.8	10.94	10.94	11	10.94	10.94	11	7.73	11	11	5.5	10.94	7	10.94	11	7.91	11	10.94	11	5.32	10.46
30.29	13.73	6.4	14.5	11.42	30.29	0	15.5	5	5.78	10.16	14.5	30.29	16.6	81.32	5	60.09	90.27	41.75	30.29	5.17	14.51	14.47	30.29	30.29	15.08	13.54	14.5	5.28	5.45	24.01
0	2.16	6.3	0.15	2.62	0.01	0	0	6.3	0	0	0	3.45	0.01	0	0	0	6.49	0	0.51	0	2.66	1.93	0	0.05	0	6.3	2.54	0	2.38	2.08
6.3	1.98	3.72	10.04	0.52	5.1	11.73	3.36	0	1	2.8	6.21	2.76	7	12.25	6.2	4.83	5.6	8.23	3.8	4.68	1.45	1.37	5.1	0	5.48	4.53	6.2	1.4	0.78	3.76
0	2.16	6.3	0.15	2.62	0.01	0	0	6.3	0	0	0	3.45	0.01	0	0	0	6.49	0	0.51	0	2.66	1.93	0	0.05	0	6.3	2.54	0	2.38	2.08
0	2.16	6.3	0.15	2.62	0.01	0	0	6.3	0	0	0	3.45	0.01	0	0	0	6.49	0	0.51	0	2.66	1.93	0	0.05	0	6.3	2.54	0	2.38	2.08
0	2.16	6.3	0.15	2.62	0.01	0	0	6.3	0	0	0	3.45	0.01	0	0	0	6.49	0	0.51	0	2.66	1.93	0	0.05	0	6.3	2.54	0	2.38	2.08
6.3	9.8	9.72	6.3	14.58	6.3	14.83	11.66	0	10.13	7.02	5	0	2.72	2.57	5.49	9.16	4.91	15	6.3	9.75	6.3	9.8	5	6.3	10.85	9.24	6.3	12.07	9.83	10.05
37.68	40	40.01	40	58.21	27.48	65	40	65	40.32	43.12	27.48	65	0	35	40	42.19	51	40	27.48	40.59	35	25	40	27.48	40.51	27.48	27.48	42.2	40.16	40.42
12.51	0.32	2.5	2.5	0.93	2.5	11.53	0.03	25	0.26	1.2	12.51	12.51	25.22	0	0	32.59	36.82	1.17	12.51	0.58	0.01	0.17	23.33	12.51	0.21	0.09	12.51	2.81	0.4	4.38
0	2.16	6.3	0.15	2.62	0.01	0	0	6.3	0	0	0	3.45	0.01	0	0	0	6.49	0	0.51	0	2.66	1.93	0	0.05	0	6.3	2.54	0	2.38	2.08
0	2.16	6.3	0.15	2.62	0.01	0	0	6.3	0	0	0	3.45	0.01	0	0	0	6.49	0	0.51	0	2.66	1.93	0	0.05	0	6.3	2.54	0	2.38	2.08
0	0	0	0	0	0	0	0	0	0	0	0	0	0	0	0	0	0	0	0	0	0.05	0	0	0	0	0	0	0	0	0
8.53	2.89	4.88	0	1.97	5	5.11	5.58	8	0.15	6.59	8.83	11	10.41	0.4	1.25	10.62	5.57	0	8	0.99	8.96	2.34	8.53	8.53	5.04	5.63	15	1.49	2.29	2.97
18.53	11.91	20	10.06	12.11	10.69	19.65	15.45	11.91	10.46	10.42	11.91	20	15.17	14.51	11.91	13.73	18.6	10	0	10.46	11.91	6.67	11.91	11.91	14.16	13.55	11.91	10.38	11.36	16.61
0	2.16	6.3	0.15	2.62	0.01	0	0	6.3	0	0	0	3.45	0.01	0	0	0	6.49	0	0.51	0	2.66	1.93	0	0.05	0	6.3	2.54	0	2.38	2.08
9.21	7.89	3.65	0	0.8	9.21	7.12	7.67	6.99	0.98	3.42	9.21	0	3.01	6.69	0	0.18	3.49	12.33	11.5	2.62	0	10.97	9.21	15.65	0	0.19	9.21	0.52	0.36	5.76
4.98	0.68	0	0	0.22	0	0	0	0	0	0	0	0.27	0	0	0	0	0.23	0	0	0	4.95	0	0	4.98	0	0	4.98	0	1.76	0.1
0	2.16	6.3	0.15	2.62	0.01	0	0	6.3	0	0	0	3.45	0.01	0	0	0	6.49	0	0.51	0	2.66	1.93	0	0.05	0	6.3	2.54	0	2.38	2.08
25	0.47	4.28	13.44	0.82	15	5.64	0.9	6.1	0.11	1.72	5.6	6.25	5.88	13.29	2.07	5.92	12.5	11.45	15	1.35	15	0.33	0.02	0	0.02	4.53	25	0.44	0.21	2.02
0	2.16	6.3	0.15	2.62	0.01	0	0	6.3	0	0	0	3.45	0.01	0	0	0	6.49	0	0.51	0	2.66	1.93	0	0.05	0	6.3	2.54	0	2.38	2.08
0	2.92	4.14	0.62	2.31	6.3	0	5.94	3.54	4.05	4.24	2.18	6.67	0	0	1.92	5.41	7.98	0	0	2.61	7.97	3.91	6.67	0	2.65	0	6.3	2.67	2.37	4.04
7.9	10	5.68	10	2.9	10	15.05	7.09	7.9	0.12	8.17	11.48	5.14	10.11	7.9	0	3.01	19.22	20.01	7.9	4.37	7.9	19.5	5	7.9	5.83	8.8	0	0.8	3.68	14.52
0	2.16	6.3	0.15	2.62	0.01	0	0	6.3	0	0	0	3.45	0.01	0	0	0	6.49	0	0.51	0	2.66	1.93	0	0.05	0	6.3	2.54	0	2.38	2.08
0.06	0.37	1.92	0.02	0.16	0.26	7.1	1.19	1.47	3.95	2.14	0.52	7.81	4.41	0.03	1.68	0.86	2.93	1.03	5.99	4.09	2.15	1.46	3.81	0.01	0.04	2.11	0	3.29	0	4.7
0.06	3.17	2.54	0.91	3.35	5.36	3.18	3.67	0.46	6.07	2.42	0.6	3.77	6.01	3.14	1.71	3.41	10.74	1.89	0.7	5	2.7	1.91	19.47	1.28	24.39	11.94	2.71	3.81	2.74	0
0	14.8	15.57	14.95	14.67	14.96	14.62	14	15	14.96	14.74	15	15	13.84	14.8	17.96	14.95	14.91	14.82	14.15	14.99	15	15.01	14.42	17.57	14.54	14.95	14.96	15.26	14.23	14.48
10	0	11.07	6.38	7.81	6.47	8.36	7.99	14.46	9.83	10.26	14.41	9.29	3.68	8.69	2.13	14.07	11.29	6.92	8.27	12.27	0	7.55	12.71	14.03	13.82	13.06	9.99	10.9	11.82	7.6
3.79	4.69	0	6.16	8.68	3.63	10.54	14.38	11.7	10.56	13	7.94	13.72	2.76	4.42	7.65	12.22	7.58	4.92	4.89	10.38	7.37	11.99	12.19	9.63	11.68	13.9	5.38	9.2	7.41	9.53
22.17	70	13.67	0	25.14	30.26	23.46	39.13	20	20.01	20.33	20	13.02	19.89	20.01	0.72	19.76	21.22	20.46	17.55	20.62	26.67	20	21.98	19.9	30.98	20.18	30	11.58	22.43	27.05
5.81	6.42	10.39	6.81	0	9.88	7.46	13.94	9.79	11.21	10.52	13.14	13.63	5.1	9.2	7.77	13.72	4.84	6.49	3.36	10.56	10.98	6.1	12.32	2.72	12.17	10.65	13.22	9.36	1.54	8.02
11	11	11	11	11	0	11	11	11	11	11	11	11	11	11	11	11	11	11	11	11	11	11	11	11	11	11	11	11	11	11
75	70.93	50.87	35.84	61.06	55	0	73.66	59	40.67	67.7	75	64.23	28.69	77.17	18.87	75.28	70.56	71.95	47.44	80.62	75.46	32.29	80.27	75.42	84.52	71.9	30.29	52.76	62.85	67.17
0	1.09	6.3	0	3.95	0	0	0	6.3	0	0	0	5.72	0	0	0	0	5.41	0	0	0	5.54	5.56	0	0	0	6.3	4.84	0	4.85	2.61
5.1	4.81	6.28	5.73	5.88	6.5	8.97	5.8	0	6.14	6	7.75	5.6	2.54	5.75	5.58	5.66	5.48	7.35	6.93	6.15	5.99	6.75	5.16	11.52	6.02	5.96	4.78	5.62	4.03	6.12
0	1.09	6.3	0	3.95	0	0	0	6.3	0	0	0	5.72	0	0	0	0	5.41	0	0	0	5.54	5.56	0	0	0	6.3	4.84	0	4.85	2.61
0	1.09	6.3	0	3.95	0	0	0	6.3	0	0	0	5.72	0	0	0	0	5.41	0	0	0	5.54	5.56	0	0	0	6.3	4.84	0	4.85	2.61
0	1.09	6.3	0	3.95	0	0	0	6.3	0	0	0	5.72	0	0	0	0	5.41	0	0	0	5.54	5.56	0	0	0	6.3	4.84	0	4.85	2.61
5	11.29	9.74	1.63	9.82	6.3	11.61	9.35	0	9.26	9.44	8.6	0	7.11	2.72	10.83	9.21	11.1	10.35	10.5	10.24	10.4	9.91	7.65	11.87	11.1	8.68	9.62	10.08	9.74	9.55
27.48	64.58	41.42	27.48	65	27.48	64.67	29.79	65	63.71	56.18	27.48	65	0	65	65	64.99	64.58	59.97	27.48	50.56	60	36.39	65	27.48	65	40.6	65	42.85	11.41	30.05
12.51	32.64	26.15	32.51	31.78	11.35	35.42	24.43	20	33.81	14.21	0	12.51	26.15	0	40	22.92	22.75	31.39	18.42	14.96	22.65	30	38.57	12.51	34.04	7.42	30	12.19	31.82	32.83
0	1.09	6.3	0	3.95	0	0	0	6.3	0	0	0	5.72	0	0	0	0	5.41	0	0	0	5.54	5.56	0	0	0	6.3	4.84	0	4.85	2.61
0	1.09	6.3	0	3.95	0	0	0	6.3	0	0	0	5.72	0	0	0	0	5.41	0	0	0	5.54	5.56	0	0	0	6.3	4.84	0	4.85	2.61
0	0.4	0.22	0	2.88	0	0.12	2.62	1.62	1.91	1.89	5.24	0	0	0.21	0.05	3.79	0	0.12	0.12	1.83	1.22	0.45	1.59	0.38	2.26	2.1	0	2.39	1.38	0.16
11.46	10.91	10.65	8.26	11.78	13	11.22	11.01	12.21	11.47	11.75	8.83	13	9.06	11.43	7.02	11.2	11.39	0	12.32	11.22	11.03	11.15	11.07	12.3	11.19	11.38	11	11.1	11.53	11.06
18.46	14.87	17.36	14.05	16.76	16.77	18.66	18.17	15.32	16.94	14.63	16.23	18.77	12.2	17.2	19.58	16.25	17.41	18.37	0	17.95	20	14.98	19.17	20	16.31	16.92	19.28	15.2	17.01	18.09
0	1.09	6.3	0	3.95	0	0	0	6.3	0	0	0	5.72	0	0	0	0	5.41	0	0	0	5.54	5.56	0	0	0	6.3	4.84	0	4.85	2.61
4.5	13.68	14.6	7.23	14.53	11.49	12.4	16.45	13.61	14.29	12.98	15.8	9.21	7.55	11.91	6.4	10.2	12.54	8.44	9.76	11.04	0	7.15	10.83	12.59	12.33	6.23	1.63	11.62	13.63	12.44
0	1.56	0	0	3.84	0	0	0	0	0	0	0	3.93	0	0	0	0	4.86	0	0	0	3.86	0	0	0	0	0	5.23	0	4.24	2.51
0	1.09	6.3	0	3.95	0	0	0	6.3	0	0	0	5.72	0	0	0	0	5.41	0	0	0	5.54	5.56	0	0	0	6.3	4.84	0	4.85	2.61
11.5	16.9	17.6	19.62	24.85	22.06	26.07	23.95	8.46	15.43	14.6	20.83	22.25	15.97	21.92	2.55	19.74	13.85	14.51	23.86	17.5	8.91	0.54	17.06	0	15.63	13.6	18.41	13.69	17.38	14.32
0	1.09	6.3	0	3.95	0	0	0	6.3	0	0	0	5.72	0	0	0	0	5.41	0	0	0	5.54	5.56	0	0	0	6.3	4.84	0	4.85	2.61
0	5.53	5.76	0	5.63	0	0	6.72	6.45	6.88	5.73	6.32	7	0	0	3.1	5.21	5.86	0	0	5.61	6.04	5.95	5.77	0	5.46	0	5.78	5.78	5.24	3.64
11.96	21.31	13.45	9.22	12.22	7.9	19.07	10.49	14.64	6.51	6.72	6.31	28	8.75	14.87	3.38	7.51	11.15	14.6	10.51	7.42	15	6.46	6.42	8	6.79	9.33	0	5.5	14.51	13.81
0	1.09	6.3	0	3.95	0	0	0	6.3	0	0	0	5.72	0	0	0	0	5.41	0	0	0	5.54	5.56	0	0	0	6.3	4.84	0	4.85	2.61
0.04	5.15	4.55	0.1	0.49	0.05	6.76	5.07	5.02	5.02	5.45	5.92	1.01	0	0.04	1.96	6.12	4.49	6.27	5.44	4.03	5.96	3.4	5.75	0.02	6.04	5.24	0	4.03	0	2.04
4.9	4.13	18.27	0.94	6.53	5.35	1.19	5.36	14.71	5.57	2.94	10.23	6.12	0.65	1.23	1.1	8.79	7.58	3.88	3.5	8.9	7.88	6.18	12.13	1.53	18.17	13.09	6.75	4.61	7.4	0
