0	3.68	4	0	4.77	6.666667	5.82	4.105	3.145	2.87	3.886667	9.6	4.5	7.783333	2.17	4.04	3.723333	3.04	3.24	0.9466667	4.39	6.326667	4.5	7.99	4.753333	5.516667	6.77	9.344999	6.05	3.396667	2.37
0.7066666	0	1.25	0.0266667	1.02	1.06	0.6433333	0.8366666	1.25	1.293333	0.69	2.085	0	0.1433333	0	2.13	0.7666667	0.8366666	0.5	0.0633333	1.206667	0	0.7733333	0.03	1.43	0.54	0	1.416667	0.9333333	1.17	0.1333333
4.683333	3.456667	0	3.286667	4.133333	2.68	0.49	0	0	0	0	0	0	2.876667	0.29	0	0	2.55	1.483333	1.23	0	5.12	1.22	0	4.306667	0	0	0.3533333	0	4.053333	0.9899999
0	6.593333	8.895	0	5.9	7.783333	6.62	4.345	10	4.54	7.223333	10.61	7.895	7.813334	6.973333	5	7.773333	4.333333	7.316667	1.895	4.706667	5.18	4.77	5.746667	4.155	8.183333	4.4	7.005	5.475	7.026667	3.053333
0.0333333	0.0166667	4.543334	0.2933334	0	0	0.21	0.2366667	0	0.42	0.1533333	0.3233334	1.063333	0.0533333	0.1033333	0.0133333	0.3866667	0.24	0.12	0	1.116667	0.7066666	0.6266667	0.05	0.1066667	0.06	0.04	0.0433333	0.3366666	0	0.2433333
0.1166667	6	6	0.01	6	0	6	6	6	6	6	6	6	6.333333	6	6	6	6	6	0	6	6	3	4	6.333333	6	6	6	6	6	3.326667
2.823333	9.92	2.935	12.29	9.963333	15.16667	0	13.7	7.053333	12.15	7.156667	13.99667	13.175	14.57	12.11667	15.08	16.06333	9.69	13.85667	18.64333	8.433333	8.376667	14.90667	3.775	8.996667	15.57667	11.06333	15.07	11.96	7.303333	9.213333
4.683333	3.456667	0	3.286667	4.133333	2.68	0.49	0	0	0	0	0	0	2.876667	0.29	0	0	2.55	1.483333	1.23	0	5.12	1.22	0	4.306667	0	0	0.3533333	0	4.053333	0.9899999
4.683333	3.456667	0	3.286667	4.133333	2.68	0.49	0	0	0	0	0	0	2.876667	0.29	0	0	2.55	1.483333	1.23	0	5.12	1.22	0	4.306667	0	0	0.3533333	0	4.053333	0.9899999
4.683333	3.456667	0	3.286667	4.133333	2.68	0.49	0	0	0	0	0	0	2.876667	0.29	0	0	2.55	1.483333	1.23	0	5.12	1.22	0	4.306667	0	0	0.3533333	0	4.053333	0.9899999
4.683333	3.456667	0	3.286667	4.133333	2.68	0.49	0	0	0	0	0	0	2.876667	0.29	0	0	2.55	1.483333	1.23	0	5.12	1.22	0	4.306667	0	0	0.3533333	0	4.053333	0.9899999
4.683333	3.456667	0	3.286667	4.133333	2.68	0.49	0	0	0	0	0	0	2.876667	0.29	0	0	2.55	1.483333	1.23	0	5.12	1.22	0	4.306667	0	0	0.3533333	0	4.053333	0.9899999
4.683333	3.456667	0	3.286667	4.133333	2.68	0.49	0	0	0	0	0	0	2.876667	0.29	0	0	2.55	1.483333	1.23	0	5.12	1.22	0	4.306667	0	0	0.3533333	0	4.053333	0.9899999
39.37667	21.5	29.985	21.61333	27.86667	34.17	25.61667	10.64	17.5	30.68333	25.24667	26.475	30	0	35.61333	25.67	26.77333	16.20667	24.92667	37.54	20.87333	23.84333	30	17.29333	22.78	36.11333	20	30.18	30.12	25.51	13.84333
3.045	2.01	2.655	4.616667	2.903333	5	2.05	4.33	6.07	4.406667	3.35	4.895	5	4.496666	0	5	4.915	3.143333	4.446667	1.52	5.23	9.226666	5	5	0.4866667	5	2.5	5	4.153333	1.97	1.07
4.683333	3.456667	0	3.286667	4.133333	2.68	0.49	0	0	0	0	0	0	2.876667	0.29	0	0	2.55	1.483333	1.23	0	5.12	1.22	0	4.306667	0	0	0.3533333	0	4.053333	0.9899999
4.683333	3.456667	0	3.286667	4.133333	2.68	0.49	0	0	0	0	0	0	2.876667	0.29	0	0	2.55	1.483333	1.23	0	5.12	1.22	0	4.306667	0	0	0.3533333	0	4.053333	0.9899999
3.593333	1.76	1.8	2.056667	1.916667	4.57	3.47	0.7066667	4.446667	3.15	2.543333	1.066667	8.59	2.81	1.023333	3.37	2.753333	0	4.813334	1.47	1.956667	3.073333	1.983333	4.216667	4.963333	2.24	2.685	1.416667	2.113333	2.16	2.086667
177.7433	10.19667	6	148.3067	11.03	13.37333	135.76	8.793333	68.99667	43.66333	44.55	9.43	5.91	166.0367	16.26	73.33334	58.11667	51.19333	0	34.36	23.83667	18.73333	12.33	8	35.61666	47.68333	76.64	18.51	44.14667	98.28	20.92333
9.813334	17.25667	1.57	11.57	0.01	0.0333333	9.93	0.0033333	5	0.0733333	0.5033333	0.5666667	14.165	11.31	8.813334	0.195	0.3433333	12.87667	8.696667	0	0.045	18.275	15.55667	0.29	6.903333	0.1866667	4.81	24.075	0.7166666	0.8533333	6.123333
4.683333	3.456667	0	3.286667	4.133333	2.68	0.49	0	0	0	0	0	0	2.876667	0.29	0	0	2.55	1.483333	1.23	0	5.12	1.22	0	4.306667	0	0	0.3533333	0	4.053333	0.9899999
0	0	0	0	0	0	0.1033333	0.005	0	0.0633333	0.0266667	0	0.42	0.1766667	0.3766667	0	0.0366667	0.13	0.1833333	0.0033333	0.025	0	0	0	0.02	0.5	0	0.005	0.0166667	0.0033333	0.0466667
0	0.5533333	0	0.0133333	5.756667	0.0166667	0.0066667	10.85333	65.29333	10.95333	6.08	0.0033333	0.1	0	0	29.75667	1.18	0	0	0	9.89	3.7	0	0.86	0.15	3.263333	22.91333	0.1	9.746667	0.36	2.42
4.683333	3.456667	0	3.286667	4.133333	2.68	0.49	0	0	0	0	0	0	2.876667	0.29	0	0	2.55	1.483333	1.23	0	5.12	1.22	0	4.306667	0	0	0.3533333	0	4.053333	0.9899999
4.89	0.3166667	0	0.9966667	2.863333	5.283333	4.706667	0.03	8.805	0.43	0.4166667	0.43	10.57	2.59	0.3433333	0	1.366667	2.526667	0.95	2.14	1.496667	0.8266667	9.796667	0.77	0	0.0566667	0	12.045	6.863333	3.273334	0.69
4.683333	3.456667	0	3.286667	4.133333	2.68	0.49	0	0	0	0	0	0	2.876667	0.29	0	0	2.55	1.483333	1.23	0	5.12	1.22	0	4.306667	0	0	0.3533333	0	4.053333	0.9899999
1.03	2.37	1.905	0.5633333	3.43	0.3366667	0.7733333	7.606667	6.256667	2.86	7.836667	5.896667	5.186666	2.71	0.8366667	6.11	7.576667	0.94	0.6366667	0.005	7.426667	2.93	2.38	4.626667	0.4666667	6.893333	0	0.2866667	2.05	4.313334	0.9899999
7.74	2.04	19.67	14.11667	33.39	19.125	15.83333	8.29	6.86	9.206667	10.88	0.7266667	42.175	16.71333	10.92333	0.0633333	4.956666	6.723333	11.15	11.025	5.59	12.76	3.556667	23.325	25.22	5.133334	1.855	0	8.16	7.026667	8.780001
4.683333	3.456667	0	3.286667	4.133333	2.68	0.49	0	0	0	0	0	0	2.876667	0.29	0	0	2.55	1.483333	1.23	0	5.12	1.22	0	4.306667	0	0	0.3533333	0	4.053333	0.9899999
6.55	0.0833333	0.7466667	4.29	0	0.0133333	0.9399999	0.7166666	0.1933333	3.103333	0.9633333	19.28	0.3966667	0.1733333	0.7033333	1.936667	7.056667	0.99	0.6366667	0.15	1.32	0.4966667	0.6766667	1.72	0	2.663333	0.5966667	14.19333	1.006667	0	0.6766666
3.31	3.09	2.513333	3.83	5.193333	3.373333	3.24	2.243333	3.55	4.793334	2.586667	4.37	5.49	3.086667	2.15	2.42	4.146667	3.54	5.656667	1.71	7.836667	2.966667	1.58	3.706667	4.133333	10.59333	3.526667	1.27	4.463334	5.056667	0
0	2	4	0	0.6666667	1.413333	1.96	4	4	4	2	4	11.74	4	4	4	2.055	2	3	0.3833333	2	3	4	4	2	4	4	5.5	1.93	1.075	0.6075
0	0	1.18	0.27	0	0	0.075	0	1.425	0.06	0.04	0	0	0.5733333	0.0275	0	0.9166667	0	0.16	0	0.0933333	0	0.1	0	0.085	0.605	0	0.65	0.07	0.0325	0.005
0	0.005	0	0	0	0	0	0	0	0	0	0	0	0	0	0	0	0.0433333	0.0033333	0	0	0	0	0	0	0	0	0	0	0.002	0
0	1.995	2	0	1.293333	2.15	2	4	2	1.5075	2.225	4.51	1.5	3	2	2.005	3.545	2.006667	4	1.615	1.5	2	4	3.655	2.01	3.21	3	4.49	3	1.506	0.1125
0	2.166667	0.08	0	0	0	0	1.665	0.1	2.473333	1.705	0.015	1.57	0	0	2.583333	0.11	0.125	0	0	0.3666667	0.85	0.035	0.35	0	0.1766667	0	0.62	0.0375	0	0.0025
0.34	6	6	0.2275	6	0	6	6	6	6	6	6	0	6	6	0	6	6	6	0	6	6	6	6	6	6	3	6	6	6	2.7525
1.613333	1.47	1.455	1.246667	3.215	0.385	0	2.435	2.996667	0.96	2.596667	2	2.9	1.53	1.9425	0.99	1.74	1.8575	1.4975	1.783333	1.96	2.526667	1.33	1.955	2.586667	1.8	2.735	2.075	0.9933333	3.275	1.288
0	0.005	0	0	0	0	0	0	0	0	0	0	0	0	0	0	0	0.0433333	0.0033333	0	0	0	0	0	0	0	0	0	0	0.002	0
0	0.005	0	0	0	0	0	0	0	0	0	0	0	0	0	0	0	0.0433333	0.0033333	0	0	0	0	0	0	0	0	0	0	0.002	0
0	0.005	0	0	0	0	0	0	0	0	0	0	0	0	0	0	0	0.0433333	0.0033333	0	0	0	0	0	0	0	0	0	0	0.002	0
0	0.005	0	0	0	0	0	0	0	0	0	0	0	0	0	0	0	0.0433333	0.0033333	0	0	0	0	0	0	0	0	0	0	0.002	0
0	0.005	0	0	0	0	0	0	0	0	0	0	0	0	0	0	0	0.0433333	0.0033333	0	0	0	0	0	0	0	0	0	0	0.002	0
0	0.005	0	0	0	0	0	0	0	0	0	0	0	0	0	0	0	0.0433333	0.0033333	0	0	0	0	0	0	0	0	0	0	0.002	0
10	11.2	10	10	11.66667	10	11.40333	15	15	10	11.51333	10	25	0	11.66667	15	10	11.65667	7.14	10	11.66	15	15	15	11.66667	10	11.72	10	11.66667	11.64333	11.0975
5	0.9866667	4.64	0	1.67	2.5	3.205	5	5	5.12	3.895	0.25	6.07	1.195	0	6.07	4.966667	2.9125	4.483334	2.5	3.106667	7.83	0.92	5	4.055	4.935	3.47	0.87	0.18	4.18	0.4025
0	0.005	0	0	0	0	0	0	0	0	0	0	0	0	0	0	0	0.0433333	0.0033333	0	0	0	0	0	0	0	0	0	0	0.002	0
0	0.005	0	0	0	0	0	0	0	0	0	0	0	0	0	0	0	0.0433333	0.0033333	0	0	0	0	0	0	0	0	0	0	0.002	0
0	0	0	0	0	0	0	0	0	0	0.005	0	0	0	0	0	0	0	0	0	0	0	0	0	0	0	0	0	0	0	0
2.865	2.8025	3.61	3	2.013333	0	2.485	2.945	3.67	1.15	1.806667	3	3	1.773333	1.845	2.155	2.16	1.58	0	3.07	1.726667	2.31	2.21	3	2.205	3.62	3.03	2.03	1.89	1.686667	2.062
0.02	4.523333	0.175	1.375	0	0	8.343333	0	0	0	0.2066667	1.865	9.02	8.809999	10	0	0.085	7.135	6.666667	0	0.0033333	10	10.155	0	7.53	0.21	0	10.25	0.505	0	2.53
0	0.005	0	0	0	0	0	0	0	0	0	0	0	0	0	0	0	0.0433333	0.0033333	0	0	0	0	0	0	0	0	0	0	0.002	0
0	0	0	0	0	0	0	0	0	0	0	0	4.77	0	0	0	0	0	0	0	0	0	0	0	0	0	0	0	0	0	0
0	0	0	0	0	2.3	0	0	0	0	0	0	0	0	0	0	0	0	0	0	0	2.3	0	0	0	0	0	0	0	0	0
0	0.005	0	0	0	0	0	0	0	0	0	0	0	0	0	0	0	0.0433333	0.0033333	0	0	0	0	0	0	0	0	0	0	0.002	0
0	0.42	0	0	0	0	1.35	0	0	0	0	0	6	0.2133333	0	0	0	2.33	0.005	0	0	3.33	0.95	0	0	0	0	0.12	0	0.0125	0
0	0.005	0	0	0	0	0	0	0	0	0	0	0	0	0	0	0	0.0433333	0.0033333	0	0	0	0	0	0	0	0	0	0	0.002	0
0	0	0	0	0	0	0	0	0	0.0033333	0.0266667	0.42	0	0	0	0	0.01	0.05	0	0	0	0	0	0	0	0.085	0	0	0	0.002	0
3.85	0.3333333	0	0.5	0	0	0	0	0	0	0	0	0	0.505	0	0	0	0.53	0	0	0	0	0	0	0	0	0	0	0	0.04	0.165
0	0.005	0	0	0	0	0	0	0	0	0	0	0	0	0	0	0	0.0433333	0.0033333	0	0	0	0	0	0	0	0	0	0	0.002	0
0	0.072	0.005	0	0	0	0.02	0.045	0.17	0.12	0.33	0.005	0	0	0	0	0.28	0.0033333	0	0	0.0033333	0.0166667	0.1566667	0.06	0	0.075	0.02	0	0.1333333	0	0.002
0.6525	0.2325	1.415	0.605	0.195	0.245	0.544	2.34	3.466667	2.1	1.07	1.21	0.5	1.862	0.2025	0.8225	1.7125	0.63	1.16	1.2825	1.8225	1.58	0.025	4.1675	0.34	3.4225	4.14	0.4975	1.3375	0.898	0
0	16.06	8.01	0	13.11	9.78	10.83	10.42	20	15.52	12.72	13.34	18.47	11.69	14	15.97	13.93	13.88	15.85	9.49	14.85	15.94	9.37	14.19	13.42	12.67	11.29	10.13	14.57	12.45	5.445
2.8	0	4.54	1.91	0.65	0.96	2.18	0.59	3.07	3.78	2.84	1.21	2.14	0.65	0.66	4.78	2.44	1.52	1.95	0.92	1.99	0	0.06	2.3	1.68	1.76	3.59	3.1	3.73	2.62	0.695
1.56	7.57	0	6.21	10.53	4.17	9.15	0	0	0	0	0	0	9.34	5.36	0	0	8.96	10.21	1.71	0	6.47	3.76	0	7.35	0	0	0.22	0	7.36	5.32
0	19.62	18.27	0	12.87	12.85	10.42	11.06	23.39	16.91	14.12	13.05	22.1	10.69	10.23	15.4	17.54	15.22	12.02	8.66	11.57	15.82	4.02	10.91	18.23	11.59	14.98	14.82	16.55	13.38	4.935
4.44	3.32	9.27	0.9	0	0	2.15	1.51	3	3.31	4.01	2.74	5.74	0.94	0.86	3.66	3.04	4.19	3.18	0.07	2.23	5.73	0.52	1.42	2.96	4.02	6.19	2.35	1.86	0	4.87
0.94	6	6	1.07	6	0	6	6	6	6	6	6	6	6	6	6	6	6	6	0	6	6	6	6	6	6	6	6	6	6	1.275
13.81	10.85	10.54	8.62	10.32	5.47	0	11.53	11.46	10.55	10.24	10.46	10.66	7.3	9.71	9.77	10.72	14.13	16.66	4.36	10.6	10.29	10.17	10.6	17.31	13.71	19.8	8.88	10.52	8.11	18.52
1.56	7.57	0	6.21	10.53	4.17	9.15	0	0	0	0	0	0	9.34	5.36	0	0	8.96	10.21	1.71	0	6.47	3.76	0	7.35	0	0	0.22	0	7.36	5.32
1.56	7.57	0	6.21	10.53	4.17	9.15	0	0	0	0	0	0	9.34	5.36	0	0	8.96	10.21	1.71	0	6.47	3.76	0	7.35	0	0	0.22	0	7.36	5.32
1.56	7.57	0	6.21	10.53	4.17	9.15	0	0	0	0	0	0	9.34	5.36	0	0	8.96	10.21	1.71	0	6.47	3.76	0	7.35	0	0	0.22	0	7.36	5.32
1.56	7.57	0	6.21	10.53	4.17	9.15	0	0	0	0	0	0	9.34	5.36	0	0	8.96	10.21	1.71	0	6.47	3.76	0	7.35	0	0	0.22	0	7.36	5.32
1.56	7.57	0	6.21	10.53	4.17	9.15	0	0	0	0	0	0	9.34	5.36	0	0	8.96	10.21	1.71	0	6.47	3.76	0	7.35	0	0	0.22	0	7.36	5.32
1.56	7.57	0	6.21	10.53	4.17	9.15	0	0	0	0	0	0	9.34	5.36	0	0	8.96	10.21	1.71	0	6.47	3.76	0	7.35	0	0	0.22	0	7.36	5.32
48.5	23.5	28.63	55.53	37.01	31.65	32.91	33.48	44.61	51.18	29.47	14.33	30.01	0	98.57	22.3	32.61	110.67	40.2	144.49	56.99	15.23	15.68	44.65	76.95	22.44	44.72	26.69	136.43	49.86	35.735
0.05	7.22	6.21	0.2	5.67	2.72	6.77	4.98	5	10.32	8.44	4.58	64.15	0.93	0	13.15	7.09	15.51	26.22	18.72	15.1	4.62	4.04	5.62	19.77	4.62	5.03	4.99	11.25	8.37	11.305
1.56	7.57	0	6.21	10.53	4.17	9.15	0	0	0	0	0	0	9.34	5.36	0	0	8.96	10.21	1.71	0	6.47	3.76	0	7.35	0	0	0.22	0	7.36	5.32
1.56	7.57	0	6.21	10.53	4.17	9.15	0	0	0	0	0	0	9.34	5.36	0	0	8.96	10.21	1.71	0	6.47	3.76	0	7.35	0	0	0.22	0	7.36	5.32
7.96	25.7	9.14	8.42	3.82	4.58	8.75	3.37	5.07	6.98	11.69	8.01	3.16	2.27	3.45	3.18	8.23	0	9.4	2.69	11.26	16.79	5.91	8.29	7.12	5.4	10.32	6.41	4.28	6.54	4.6
6.32	33.54	30.96	21.15	27.63	11.28	32.53	39.04	33.84	26.81	150.48	25.95	25.11	5.26	10.2	53.19	18.3	31.31	0	29.03	51.67	35.76	10.34	9.81	8.03	14.56	20.42	15.85	21.6	20.89	29.25
8.63	15.15	15	12.23	3.25	0	19.55	13.76	12.64	9.76	19.55	7.45	18.05	15.42	16.73	12.87	8.46	15.53	11.01	0	28.94	38.84	19.56	23.07	18.43	6.58	8.15	13.59	8.45	1.13	22.935
1.56	7.57	0	6.21	10.53	4.17	9.15	0	0	0	0	0	0	9.34	5.36	0	0	8.96	10.21	1.71	0	6.47	3.76	0	7.35	0	0	0.22	0	7.36	5.32
1.45	0	5.59	1.3	0.21	1.31	2.29	2.29	2.93	4.44	3.3	2.27	3.66	2.08	1.32	1.22	3.19	2.56	4.37	0.49	2.52	0	3.33	5.71	5.21	2.35	4.34	0.9	1.66	2.77	3.16
0.09	0	3.62	0	0.55	0	0.13	1.61	1.62	5.27	5.05	0.11	0.2	0.24	0	0.19	0.17	2.09	0	0	10.44	0.24	0	0.03	0	0.15	4.91	1.85	0.99	1.22	0.15
1.56	7.57	0	6.21	10.53	4.17	9.15	0	0	0	0	0	0	9.34	5.36	0	0	8.96	10.21	1.71	0	6.47	3.76	0	7.35	0	0	0.22	0	7.36	5.32
8.18	7.11	0.36	11.14	5.66	15.69	8.03	3.02	1.55	7.01	5.37	9.76	9.27	1.44	7.86	5.37	8.38	1.73	14.76	15.39	5.09	3.32	10.81	8.23	0	6.35	9.94	7.17	4.75	7.3	14.145
1.56	7.57	0	6.21	10.53	4.17	9.15	0	0	0	0	0	0	9.34	5.36	0	0	8.96	10.21	1.71	0	6.47	3.76	0	7.35	0	0	0.22	0	7.36	5.32
6.5	14.55	13.06	2.22	12.53	5.34	8.49	8.3	9.04	8.3	8.27	10.59	10.25	10.82	4.44	11.16	10.18	10.34	18.68	0.42	9.43	6.75	3.93	12.43	6.31	12.27	0	0.6	5.97	9.31	5.32
11.8	8.32	5.25	18.16	12.61	24.2	32.27	18.05	27.3	27.17	19.38	12.75	13.57	24.88	19.65	16.2	23.7	14.28	26.33	1.69	21.94	52.8	2.44	18.07	1.84	8.77	33.63	0	7.09	9.6	15.38
1.56	7.57	0	6.21	10.53	4.17	9.15	0	0	0	0	0	0	9.34	5.36	0	0	8.96	10.21	1.71	0	6.47	3.76	0	7.35	0	0	0.22	0	7.36	5.32
2.3	2.47	5.43	1.17	0.34	0.49	2.93	3.88	6.4	1.67	2.14	10.99	3.49	0.67	0.68	1.18	5.31	3.62	5.59	0.47	1.3	8.02	4.13	4.37	0.14	6.74	0.34	1.48	1.06	0	2.115
2.7	17.275	52.27	10.2	14.475	9.075	7.14	10.555	15.29	15.1	17.26	17.285	44.525	49.185	4.65	16.255	12.515	14.805	8.285	14.185	14.275	23.765	19.095	21.965	16.005	21.335	15.03	22.73	26.62	13.145	0
0	17.11333	18.88667	0	18.79	15.46667	19.07333	19.10333	18.57333	18.82667	16.17333	20	19.58333	18.88667	18.93	17.55667	16.13667	18.69667	17	14.11333	15.36333	12.15667	19.33333	19.24	15.12333	16.97667	18.51333	18.73333	16.34	16.63333	12.21667
7.02	0	9.076667	10.06333	8.623333	9.756666	12.16	10.14333	9.773334	9.436666	9.116667	11.36333	8.936666	9.336666	10.74667	9.256666	10.64667	8.776667	8.27	9.46	9.903334	0	8.513333	12.86333	11.13333	10.46333	8.153334	11.16333	8.753333	8.376667	9.106667
2.41	4.236667	0	6.51	8.043333	0.0066667	9.639999	0	0	0	0	0	0	8.42	8.7	0	0	7.306667	8.906667	0	0	1.953333	0	0	0.2333333	0	0	0	0	6.853333	2.98
0	14.58333	18.06667	0	18.45	11.23333	19.38333	16.52	15.31333	18.15	15.92667	14.22667	19.31667	16.62333	18.18333	16.99	15.63	16.77333	18.55667	9.086667	13.83333	19.32	15.74667	15.48333	17.18667	15.5	18.87	19.10667	14.89667	16.33	14.61
4.966667	10.07667	10.22667	11.50333	0	0	13.59667	11.65667	11.26	12.23	11.22	12.44333	12.03	11.80667	13.99333	9.76	11.29	9.49	10.12	0	11.74667	5.513333	10.23333	13.10333	9.82	11.69333	7.516667	11.82667	9.190001	0	10.47
0.3466667	6	6	0.3866667	6	0	6	6	6	6	6	6	6	6	6	6	6	6	6	0	6	6	6	6	6	6	6	6	6	6	4.633333
13.07333	12.14667	11.91	8.353333	9.793333	11.85333	0	10.64333	10.87667	10.92667	11.35333	14.70333	12.01333	9.136666	12.10333	15.14	10.8	11.3	10.74	9.666666	10.94333	12.16333	10.05667	12.59333	11.00333	10.93667	10.52667	12.21667	11.33667	11.74	11.2
2.41	4.236667	0	6.51	8.043333	0.0066667	9.639999	0	0	0	0	0	0	8.42	8.7	0	0	7.306667	8.906667	0	0	1.953333	0	0	0.2333333	0	0	0	0	6.853333	2.98
2.41	4.236667	0	6.51	8.043333	0.0066667	9.639999	0	0	0	0	0	0	8.42	8.7	0	0	7.306667	8.906667	0	0	1.953333	0	0	0.2333333	0	0	0	0	6.853333	2.98
2.41	4.236667	0	6.51	8.043333	0.0066667	9.639999	0	0	0	0	0	0	8.42	8.7	0	0	7.306667	8.906667	0	0	1.953333	0	0	0.2333333	0	0	0	0	6.853333	2.98
2.41	4.236667	0	6.51	8.043333	0.0066667	9.639999	0	0	0	0	0	0	8.42	8.7	0	0	7.306667	8.906667	0	0	1.953333	0	0	0.2333333	0	0	0	0	6.853333	2.98
2.41	4.236667	0	6.51	8.043333	0.0066667	9.639999	0	0	0	0	0	0	8.42	8.7	0	0	7.306667	8.906667	0	0	1.953333	0	0	0.2333333	0	0	0	0	6.853333	2.98
2.41	4.236667	0	6.51	8.043333	0.0066667	9.639999	0	0	0	0	0	0	8.42	8.7	0	0	7.306667	8.906667	0	0	1.953333	0	0	0.2333333	0	0	0	0	6.853333	2.98
13.19	15.37	14.95667	16.05333	14.99	12.64	15.85667	15	15	15.44667	15.02	15	15	0	13.43333	15	15.00667	15.03	13.34667	12.5	15	11.61	15	15	15.19333	14.96	15.02	14.69333	15.96333	15.04	14.20333
3.62	7.97	9.653334	3.836667	11.00333	10	12.40333	8.936666	11.35333	8.893333	8.83	12.49333	13.02	7.6	0	12.01	8.41	8.76	8.52	7.443333	7.313333	6.626667	11.62667	10.16667	13.04333	11.46667	11.04333	9.076666	8.866667	8.203334	6.406667
2.41	4.236667	0	6.51	8.043333	0.0066667	9.639999	0	0	0	0	0	0	8.42	8.7	0	0	7.306667	8.906667	0	0	1.953333	0	0	0.2333333	0	0	0	0	6.853333	2.98
2.41	4.236667	0	6.51	8.043333	0.0066667	9.639999	0	0	0	0	0	0	8.42	8.7	0	0	7.306667	8.906667	0	0	1.953333	0	0	0.2333333	0	0	0	0	6.853333	2.98
9.22	7.686666	10.50667	9.28	9.713333	3.463333	8.793333	10.31333	10.23333	9.376667	9.643333	7.446667	11.47	8.596666	8.686666	8.366667	11.09333	0	8.67	4.38	8.386666	8.78	10.14333	13.97667	3.86	10.16	9.553333	8.593333	10.86333	9.056666	7.236667
7.28	7.663333	10.82333	13.11333	10.63667	0	11.02667	9.41	7.913333	10.34333	10.23333	10.23667	12.36	7.476667	11.03333	9.336667	10.73667	10.24	0	9.95	10.36	8.696667	9.043333	12.27	6.39	9.006667	9.836667	10.97667	9.41	9.48	9.923333
14.72667	16.12	2.45	22.31667	0	0	25.94	1.833333	1.726667	2.766667	2.5	3.746667	28.8	28.32333	30.32333	1.683333	2.74	26.98	26.34667	0	2.363333	11.18	31.28667	3.706667	20.77	2.68	2.78	31.5	3.71	0	23.88333
2.41	4.236667	0	6.51	8.043333	0.0066667	9.639999	0	0	0	0	0	0	8.42	8.7	0	0	7.306667	8.906667	0	0	1.953333	0	0	0.2333333	0	0	0	0	6.853333	2.98
6.556667	0	9.11	9.766666	4.463333	12.13	13.37	11.29	11.11667	9.77	9.916667	13.16667	11.12667	9.363334	12.04667	12.81	10.91667	8.42	9.993334	10.44	11.28	0	9.17	12.56667	10.88667	10.27333	9.523334	10.80333	10.20333	10.28667	8.936666
2.28	2.386667	0	2.503333	2.856667	0	3.06	0	0	0	0	0	0	2.37	3.383333	0	0	3.013334	1.226667	0	0	0.1133333	0	0	0.0866667	0	0	0	0	3.636667	0.9633333
2.41	4.236667	0	6.51	8.043333	0.0066667	9.639999	0	0	0	0	0	0	8.42	8.7	0	0	7.306667	8.906667	0	0	1.953333	0	0	0.2333333	0	0	0	0	6.853333	2.98
24.00333	20.57333	10.76333	21.60333	21.09667	26.94	30.01333	20.87	17.15667	17.12	16.02333	21.47	24.26333	25.34	28.85	17.19333	17.72667	23.62333	27.31333	18.53333	18.31333	23.61	26.92667	17.03667	0	16.40667	17.35333	28.77667	17.10333	22.68333	22.50667
2.41	4.236667	0	6.51	8.043333	0.0066667	9.639999	0	0	0	0	0	0	8.42	8.7	0	0	7.306667	8.906667	0	0	1.953333	0	0	0.2333333	0	0	0	0	6.853333	2.98
3.37	7.3	10.12667	3.996667	8.276667	0	6.923333	10.27667	8.856667	9.753333	8.663334	9.816667	6.38	8.66	8.513333	7.536667	9.49	6.933333	9.743334	0	9.38	3.25	0	10.15667	0.0866667	8.96	0	0	8.756667	8.153334	2.98
1.72	4.286667	0	6.163333	4.7	3.535	6.296667	0	0	0	0	0	0	4.553333	7.376667	0	0	8.45	8.103333	4.3	0	1.27	0	0	4.013333	0	0	0	0	8.15	5.633333
2.41	4.236667	0	6.51	8.043333	0.0066667	9.639999	0	0	0	0	0	0	8.42	8.7	0	0	7.306667	8.906667	0	0	1.953333	0	0	0.2333333	0	0	0	0	6.853333	2.98
4.103333	5.453333	9.690001	8.9	0	0.1766667	9.996667	10.07667	5.386667	8.39	7.403334	5.353333	6.94	8.03	11.45667	7.703333	9.106667	8.7	10.48	0.0333333	6.443334	4.56	7.013333	9.55	7.04	8.133333	5.373333	8.676666	7.686666	0	10.25667
2.963333	3.59	3.43	6.863334	7.74	2.413333	6.526667	3.963333	4.69	5.95	2.5	10.5	1.9	7.876667	7.99	14.71333	3.64	7.64	11.52667	5.693334	3.243333	2.186667	0.3933333	7.306667	2.78	11.36667	2.993333	1.333333	5.396667	8.573334	0
0	6.04	11.15	0	6.85	5.64	11.84	10	10	5.04	8.08	6	10	12.62	13.66	10	6.98	11.97	13.91	10.52	2.51	10	13.04	3.77	12.71	4.34	13.87	14	7.08	5.26	1.05
3.26	0	4.08	3.57	2.77	3.23	3.43	4.96	4.47	4.78	4.65	4.95	3.83	2.86	3.5	5	4.16	4.68	3.7	3.86	4.85	0	5	0.33	4.11	0.97	4.65	3.93	3.98	4.73	2.98
0.54	3.95	0	3.07	0.63	0.02	0.58	0	0	0	0	0	0	2.24	2.54	0	0	2.13	2.59	0	0	0.73	0	0	0	0	0	0	0	1	0.48
0	10	8.54	0	7.74	6.06	11.74	6.24	8.07	10.25	11.01	0	10	12.44	13.38	8.14	9.93	12.07	10.39	10.67	11.03	7.5	9.15	7.82	12.57	7.65	10	14	10	7.87	3.24
0	1.27	3.02	0.33	0	0	1.04	5.17	2.55	2.5	3.07	3.3	2.01	0.58	1.57	0.19	3.08	3.97	0.98	0	1.83	2.15	2.81	0.19	1.08	2.16	3	4.51	3.31	0	1.91
0.47	6	6	0.6	6	0	6	6	6	6	6	0	6	6	6	6	6	6	6	0	6	6	6	6	6	6	6	6	6	6	2.58
1.76	1.52	3.69	0.13	0.57	0.5	0	2.08	0.92	2.74	2.64	1.33	5.28	2.42	3.87	6.82	3.41	3.59	3.95	2.04	5.92	1.47	0.16	7.46	2.16	7.37	3.66	5.13	5.24	0.85	1.56
0.54	3.95	0	3.07	0.63	0.02	0.58	0	0	0	0	0	0	2.24	2.54	0	0	2.13	2.59	0	0	0.73	0	0	0	0	0	0	0	1	0.48
0.54	3.95	0	3.07	0.63	0.02	0.58	0	0	0	0	0	0	2.24	2.54	0	0	2.13	2.59	0	0	0.73	0	0	0	0	0	0	0	1	0.48
0.54	3.95	0	3.07	0.63	0.02	0.58	0	0	0	0	0	0	2.24	2.54	0	0	2.13	2.59	0	0	0.73	0	0	0	0	0	0	0	1	0.48
0.54	3.95	0	3.07	0.63	0.02	0.58	0	0	0	0	0	0	2.24	2.54	0	0	2.13	2.59	0	0	0.73	0	0	0	0	0	0	0	1	0.48
0.54	3.95	0	3.07	0.63	0.02	0.58	0	0	0	0	0	0	2.24	2.54	0	0	2.13	2.59	0	0	0.73	0	0	0	0	0	0	0	1	0.48
0.54	3.95	0	3.07	0.63	0.02	0.58	0	0	0	0	0	0	2.24	2.54	0	0	2.13	2.59	0	0	0.73	0	0	0	0	0	0	0	1	0.48
15	15	15	15	15	15	15	15	15	14.95	15	12.5	15	0	14.99	15	15	15	15	15	15	15	15	15	15	15	15	15	15	14.96	12.25
0.01	4.12	4.28	0.72	1.16	0	7.72	8.99	0.15	4.14	1.54	10	0	5.49	0	10	5.62	4.39	3.69	0.19	5.86	2.5	10	5	1.41	4.14	0.08	2.77	4.82	1.79	0.56
0.54	3.95	0	3.07	0.63	0.02	0.58	0	0	0	0	0	0	2.24	2.54	0	0	2.13	2.59	0	0	0.73	0	0	0	0	0	0	0	1	0.48
0.54	3.95	0	3.07	0.63	0.02	0.58	0	0	0	0	0	0	2.24	2.54	0	0	2.13	2.59	0	0	0.73	0	0	0	0	0	0	0	1	0.48
0.57	0.12	2.43	0.15	1.4	0.08	1.51	0.97	1.61	3.37	3.45	1.92	2.4	1.47	5.38	3.18	2.69	0	2.28	0.62	3.1	2.87	1.29	0.22	0	3.02	1.46	0.32	2.66	0.89	3.29
7.18	4.99	6.04	5.38	5.47	1.63	7.11	7.31	7.89	7.82	7.3	8	5	5.63	7.29	8	7.18	7.44	0	5.45	7.35	6.54	8	8	2.09	7.56	7.48	5.05	7.65	4.27	7.16
9.8	15.09	3.78	12.98	0	0	17.82	0	3.96	1.44	1.92	0	13.89	17.27	17.59	0	0.92	18.09	18.49	0	0.45	16.74	19.74	0.41	15.25	1.25	0.6	15.59	0.02	0	7.32
0.54	3.95	0	3.07	0.63	0.02	0.58	0	0	0	0	0	0	2.24	2.54	0	0	2.13	2.59	0	0	0.73	0	0	0	0	0	0	0	1	0.48
1.83	0	3.16	2.01	0.01	2.86	3.11	5.72	5.91	0.14	4.92	6.75	2.2	2.49	1.77	5.23	2.89	3.72	5.07	2.03	0.48	0	1.75	0.26	2.39	0.19	5.77	1.47	4.27	2.43	2.34
0	0	0	0	0	0	0	0	0	0	0	0	0	0	0	0	0	0	0	0	0	0	0	0	0	0	0	0	0	0	0
0.54	3.95	0	3.07	0.63	0.02	0.58	0	0	0	0	0	0	2.24	2.54	0	0	2.13	2.59	0	0	0.73	0	0	0	0	0	0	0	1	0.48
12.67	3.91	6.54	8.24	2.59	0	13.77	1.4	0	0.06	2.34	12.65	0.96	17.97	9.1	1.5	3.72	14.67	13.2	19.91	0.95	4.8	8.48	0.03	0	0.82	0.27	2.16	1.04	1.78	2.16
0.54	3.95	0	3.07	0.63	0.02	0.58	0	0	0	0	0	0	2.24	2.54	0	0	2.13	2.59	0	0	0.73	0	0	0	0	0	0	0	1	0.48
3.5	0.48	3.05	0.84	0.87	0	0.29	2.76	4.21	2.36	5.1	7.71	1.06	1.94	0.34	7	1.81	0.79	7.35	0	3.25	1.86	0	5.49	0	3.98	0	0	4.4	0.46	0.48
0	6.98	0	0.76	6.18	1.72	2.49	0	0	0	0	0	0	2.6	2.15	0	0	0.61	3.24	0	0	2.58	0	0	1.58	0	0	0	0	2.33	0.78
0.54	3.95	0	3.07	0.63	0.02	0.58	0	0	0	0	0	0	2.24	2.54	0	0	2.13	2.59	0	0	0.73	0	0	0	0	0	0	0	1	0.48
0.18	0	0.48	0.78	0	0	3.32	2.03	2.19	0.98	0.61	1.48	0.04	0.2	2.47	0.09	2.02	1.8	2.79	0	0.99	0.36	1.29	0.05	0	1.66	0.1	0.29	1.01	0	1.39
2.68	3.1	1.85	3.73	1.25	3.24	2.43	2.27	3.94	4.06	2.94	3.24	3.03	4.43	2.94	5.38	3.48	5.92	9.31	5.52	4.07	3.34	0.11	6.43	2.01	10.61	6.81	5.22	7.71	1.84	0
0	15.045	12.82	0	11.905	5.26	14.05	13.655	14.31	12.865	13.025	8.94	13.9	10.75	10.965	12.37	11.275	14.135	11.645	3.49	14.38	15.78	13.82	15.67	12.7	7.05	13.72	9.54	7.435	10.715	5.81
0.59	0	2.11	0.475	1.655	0.955	3.46	2.415	2.285	2.36	2.24	2.85	0.46	3.01	3.485	2.115	3.14	2.2	3.49	2.44	1.915	0	2.56	3.45	3.815	2.365	2.575	2.15	2.375	2.73	2.55
0	0.365	0	0	0.375	0	0.045	0	0	0	0	0	0	0.175	0	0	0	0.445	0.11	0	0	0.245	0	0	0	0	0	0	0	0.315	0.07
0	10.295	9.895	0	8.934999	3.325	10.96	10.05	13.06	9.745001	11.41	4.455	15.38	10.395	14.005	14.985	11.64	13.26	15.035	6.34	12.015	14.34	10.25	6.88	13.69	7.305	10.895	12	7.075	7.965	5.57
0	0.265	0.64	0	0	0	0	0.205	0.19	0.085	0.355	1.16	0.09	0.005	0	0.605	0.055	0.75	0	0	0.515	0.09	0.53	0.415	0	0.02	0.405	0.105	0.14	0	0.085
0.36	4.575	5.98	0.33	5.94	0	5.96	5.9	6	5.965	5.95	5.28	5.995	5.99	5.985	5.78	5.95	5.935	5.975	0	5.7	5.97	5.995	6	5.98	5.755	5.96	5.72	5.78	5.815	1.615
2.405	3.16	4.025	3.05	0.87	1.69	0	3.56	2.18	3.645	2.98	4.175	6.35	4.265	3.385	3.73	4.925	4.32	4.48	5.78	3.38	1.015	1.325	2.155	2.555	2.915	2	5.645	3.835	1.92	2.255
0	0.365	0	0	0.375	0	0.045	0	0	0	0	0	0	0.175	0	0	0	0.445	0.11	0	0	0.245	0	0	0	0	0	0	0	0.315	0.07
0	0.365	0	0	0.375	0	0.045	0	0	0	0	0	0	0.175	0	0	0	0.445	0.11	0	0	0.245	0	0	0	0	0	0	0	0.315	0.07
0	0.365	0	0	0.375	0	0.045	0	0	0	0	0	0	0.175	0	0	0	0.445	0.11	0	0	0.245	0	0	0	0	0	0	0	0.315	0.07
0	0.365	0	0	0.375	0	0.045	0	0	0	0	0	0	0.175	0	0	0	0.445	0.11	0	0	0.245	0	0	0	0	0	0	0	0.315	0.07
0	0.365	0	0	0.375	0	0.045	0	0	0	0	0	0	0.175	0	0	0	0.445	0.11	0	0	0.245	0	0	0	0	0	0	0	0.315	0.07
0	0.365	0	0	0.375	0	0.045	0	0	0	0	0	0	0.175	0	0	0	0.445	0.11	0	0	0.245	0	0	0	0	0	0	0	0.315	0.07
15	9.315001	12.035	6.495	7.27	6.865	8.219999	9.684999	7.2	9.43	9.105	7.545	8.065	0	10.635	8.295	9.9	9.889999	11	10.66	11.005	5.71	9.415	9.965	9.04	9.67	6.44	14.53	12.525	6.82	12.34
2.505	4.495	4.465	7.235	0.63	0.03	7.145	4.205	6.15	3.605	4.135	4.63	5.615	3.685	0	4.825	5.17	4.53	5.39	7.62	2.535	4.135	6.295	2.44	0.645	7.685	1.865	2.5	3.68	2.68	3.17
0	0.365	0	0	0.375	0	0.045	0	0	0	0	0	0	0.175	0	0	0	0.445	0.11	0	0	0.245	0	0	0	0	0	0	0	0.315	0.07
0	0.365	0	0	0.375	0	0.045	0	0	0	0	0	0	0.175	0	0	0	0.445	0.11	0	0	0.245	0	0	0	0	0	0	0	0.315	0.07
0	0	0	0	0	0	0	0	0	0	0	0	0	0	0	0	0.005	0	0	0	0	0	0	0	0	0	0	0	0	0	0.005
3.945	3.225	0.87	1.645	0.985	0	0.68	0.475	0.345	1.49	0.505	0.71	1.08	0.23	0.275	0.625	1.125	1.31	0	0.54	0.365	3.9	0.87	3.865	3.975	1.23	0.685	0.345	0.345	0.935	0.66
3.23	6.83	1.585	2.08	0	0	8.15	1.3	1.065	1.045	1.295	1.49	5.46	7.575	7.615	1.295	1.66	8.87	8.585	0	1.3	5.51	6.67	1.085	7.105	1.71	1.275	8.645	1.44	0	4.515
0	0.365	0	0	0.375	0	0.045	0	0	0	0	0	0	0.175	0	0	0	0.445	0.11	0	0	0.245	0	0	0	0	0	0	0	0.315	0.07
0	0	0	0.01	0.005	0	0.02	0.03	0	0.005	0.19	0	0	0.035	0.005	0	0.355	1.72	0.03	0	0.01	0	0.005	0	0.04	0	0	0	0.01	0.05	0.01
0	0	0	0	0	0	0	0	0	0	0	0	0	0	0	0	0	0	0	0	0	0	0	0	0	0	0	0	0	0	0
0	0.365	0	0	0.375	0	0.045	0	0	0	0	0	0	0.175	0	0	0	0.445	0.11	0	0	0.245	0	0	0	0	0	0	0	0.315	0.07
5.46	5.39	2.56	3.545	2.295	5.205	8.3	4.89	3.69	3.255	3.095	6.845	9.16	6.08	9.675	4.395	2.915	3.265	5.06	6.97	3.265	4.305	1.13	3.64	0	3.4	1.96	10.73	2.135	3.865	6.18
0	0.365	0	0	0.375	0	0.045	0	0	0	0	0	0	0.175	0	0	0	0.445	0.11	0	0	0.245	0	0	0	0	0	0	0	0.315	0.07
0	0.8	1.125	0	0.155	0	0	0.62	0.125	0.85	0.535	1.1	0.115	0.7	0	0.235	0.085	0.675	0.13	0	0.625	1.235	0	0.02	0	0.385	0	0	0.66	0.395	0.07
0	0.71	0	0	0.77	0	0	0	0	0	0	0	0	0	0	0	0	0.64	0.25	0	0	0.515	0	0	0	0	0	0	0	0.525	0.315
0	0.365	0	0	0.375	0	0.045	0	0	0	0	0	0	0.175	0	0	0	0.445	0.11	0	0	0.245	0	0	0	0	0	0	0	0.315	0.07
0	0	0.165	0	0	0	0.035	0.075	0.625	0.04	0.185	0.08	0	0	0	0.175	0.02	0.265	0.02	0	0.055	0.185	0.235	0.045	0	0.01	0.245	0	0.03	0	0.115
3.165	3.345	2.15	2.41	1.4	1.755	1.67	4.805	5.995	5.375	2.69	3.66	2.275	6.95	4.155	2.88	3.525	2.93	4.475	3.215	3.79	2.96	0.27	5.6	4.97	7.34	11.12	3.66	5.475	2.24	0
0	5.99	1.17	0	2.19	0.78	0.13	1.2	1.17	1.17	1.52	0	6.75	1.17	0	3.96	1.18	1.17	0.53	0.68	1.79	1.17	1.17	4	2.41	2.1	1.17	1.2	1.29	1.21	1.02
0	0	0	0	0	0	0	0	0	0	0	0	0	0	0	0	0	0	0	0	0	0	0	0	0	0	0	0	0	0	0
0	0.03	0	0	0.82	0	0	0	0	0	0	0	0	2.39	0	0	0	1.72	2.38	0	0	2.39	0	0	0	0	0	0	0	1.28	1.46
0	4	1.18	0	4.59	0	0.01	0.11	1.18	1.17	1.9	0	6	1.12	8.45	0.55	0.98	0.01	0.82	0.93	0.71	8.45	1.15	1.17	4.37	0.58	1.19	0.44	1.51	1.23	0.58
0	0	2.76	0	0	3.43	0	2.61	3.24	2.93	3.12	2.34	3.16	0	0	3.16	3.16	2.59	0	0	2.83	2.6	3.25	2.6	0	3.18	3.25	3.22	2.87	0	1.39
0.5	6	6	0.15	6	0	6	6	6	6	6	0.12	6	6	6	4.15	6	6	6	4.97	6	6	6	6	6	6	6	6	6	6	4.72
7.5	6.59	6.43	6.45	4.79	8	0	5.75	4.93	4.9	6.66	6.43	6.55	6.8	6.35	5.04	6.54	6.52	6.55	6.43	6.6	7.33	3.1	7.94	6.51	6.76	6.36	7.26	4.05	6.18	6.5
0	0.03	0	0	0.82	0	0	0	0	0	0	0	0	2.39	0	0	0	1.72	2.38	0	0	2.39	0	0	0	0	0	0	0	1.28	1.46
0	0.03	0	0	0.82	0	0	0	0	0	0	0	0	2.39	0	0	0	1.72	2.38	0	0	2.39	0	0	0	0	0	0	0	1.28	1.46
0	0.03	0	0	0.82	0	0	0	0	0	0	0	0	2.39	0	0	0	1.72	2.38	0	0	2.39	0	0	0	0	0	0	0	1.28	1.46
0	0.03	0	0	0.82	0	0	0	0	0	0	0	0	2.39	0	0	0	1.72	2.38	0	0	2.39	0	0	0	0	0	0	0	1.28	1.46
0	0.03	0	0	0.82	0	0	0	0	0	0	0	0	2.39	0	0	0	1.72	2.38	0	0	2.39	0	0	0	0	0	0	0	1.28	1.46
0	0.03	0	0	0.82	0	0	0	0	0	0	0	0	2.39	0	0	0	1.72	2.38	0	0	2.39	0	0	0	0	0	0	0	1.28	1.46
10	14.94	13.51	10	10	10	15	10	10	10.01	10	13.51	10	0	10	10	10	15	10.05	30	10	13.51	13.51	13.51	10	10	10	10	14.59	10.08	13.82
5	5.38	8.06	3.08	5.2	6.07	2.92	2.86	8.06	7.41	6.49	8.06	4.76	7.88	0	5	7.74	6.35	7.54	6.07	7.55	2.5	3.33	0	4.86	7.99	8.06	2.51	6.16	7.11	0.89
0	0.03	0	0	0.82	0	0	0	0	0	0	0	0	2.39	0	0	0	1.72	2.38	0	0	2.39	0	0	0	0	0	0	0	1.28	1.46
0	0.03	0	0	0.82	0	0	0	0	0	0	0	0	2.39	0	0	0	1.72	2.38	0	0	2.39	0	0	0	0	0	0	0	1.28	1.46
0	0.63	3.08	1.14	0.08	2.14	0.49	3.08	0	0.12	2.69	2.31	0	1.07	1.53	0	3	0	2.59	0	2.41	2.31	2.73	2.73	0.07	3.03	2.72	2.49	0.06	0.4	1.03
5	2.59	6.61	6.63	0.27	7.42	4.3	5.96	0.27	2.83	5.57	3.81	0	3.67	5.67	0	1.77	6.17	0	5.27	1.15	3.67	6.82	6.63	3.72	6.69	3.86	7.9	2.89	2.94	4.12
2.62	8.33	8.33	4.07	0	2.71	2.29	3.33	8.33	5.82	6.88	8.33	7.07	6.33	8	0.15	5	4.35	5.99	0	5	8.85	1.83	5	5.51	5.09	5.01	5	4.96	0	4.22
0	0.03	0	0	0.82	0	0	0	0	0	0	0	0	2.39	0	0	0	1.72	2.38	0	0	2.39	0	0	0	0	0	0	0	1.28	1.46
0.95	0	0.74	0.95	0.05	4.77	0.04	1.13	1.21	1.05	0.55	1.21	0	1.14	2.3	0.03	1.08	1.21	1.21	1.75	1.06	0	0.34	0	0.35	0.61	0.84	0.95	0.96	0.19	0.47
0	0	0	0	0	2.3	0	0	0	0	0	2.3	0	0	0	0	0	0	0	0	0	0	0	0	0	0	0	0	0	0	0
0	0.03	0	0	0.82	0	0	0	0	0	0	0	0	2.39	0	0	0	1.72	2.38	0	0	2.39	0	0	0	0	0	0	0	1.28	1.46
3	5	4.23	4.91	0.43	6	1.01	6	14.3	0.64	3.52	3.33	2.1	4.38	6	6.6	4.23	4.96	5.01	0	4.13	0	7.5	14.3	0	3.16	3.53	5	3.96	2.11	4.61
0	0.03	0	0	0.82	0	0	0	0	0	0	0	0	2.39	0	0	0	1.72	2.38	0	0	2.39	0	0	0	0	0	0	0	1.28	1.46
0	0.66	2.38	0	2.27	3.21	0	3.22	2.97	1.25	2.56	2.3	0.92	2.39	3.21	1.32	0.2	0	0	0	2.01	3.21	0	2.3	0	3.46	0	0	1.92	1.01	1.46
0	3.53	0	0	0.35	3.85	0	0	0	0	0	0	0	0	0	0	0	2.58	1.56	0	0	3.85	0	0	0	0	0	0	0	0.68	0.09
0	0.03	0	0	0.82	0	0	0	0	0	0	0	0	2.39	0	0	0	1.72	2.38	0	0	2.39	0	0	0	0	0	0	0	1.28	1.46
4.76	0	6.4	2.74	0	0.53	0.59	6.4	6.87	5.29	5.84	7	0.01	4.34	2.33	6.73	6.82	4.06	6.41	0	6.44	0	4.11	6.88	0	6.87	6.57	4.95	5.94	0	2.75
0.88	0.76	3.76	3.89	1.49	4.62	4.65	1.6	5.31	4.83	0.36	6.54	1.51	4.03	0.37	1.66	2.82	2	3.32	1.08	3.54	3.4	0.1	9.25	5.62	6.09	9.33	1.38	5.36	3.21	0
0	8.45	4.25	0	8.76	6.39	7.46	8.88	9.09	9.91	8.29	4.35	4.79	9.02	15.54	8.81	9.59	8.78	12.77	2.55	6.97	7.76	4.78	9.61	6.15	7.73	10.05	13.77	9.09	7.32	6.3
0.62	0	0.9	2.84	1.28	3.84	1.85	0.45	0.73	1.76	1.58	2.39	0.75	1.23	1.89	0.11	0.68	2.14	3.17	1.24	2	0	1.5	1.29	1.72	1.66	0.32	1.25	0.85	1.53	1.75
0.25	0.78	0	1.28	1.63	0	2.66	0	0	0	0	0	0	4.14	1.47	0	0	3.49	4.76	0	0	2.59	0.11	0	0.02	0	0	0	0	2.31	1.19
0	7.64	6.02	0	2.03	6.63	6.87	9.76	8.58	7.55	6.69	2.64	5.2	8.06	13.85	7.58	7.82	6.97	10.79	5.76	7.54	13.41	6.3	13.91	8.4	8.63	9.71	12.19	8.54	8.02	4.96
0.79	1.49	1.52	1.06	0	0	1.03	0.67	0.7	1.84	1.77	0.14	1.84	0.66	1.59	1.13	2.04	1.94	1.51	0	1.11	3.67	1.65	1.15	0.39	1.94	0.18	1.27	1.25	0	1.33
0.01	6	6	0.01	6	0	6	6	6	6	6	6	6	6	6	6	6	6	6	0	6	6	6	6	6	6	6	6	6	6	2.8
5.94	7.31	5.13	7.41	5.06	5.49	0	5.47	11.04	7.29	6.78	5.39	4.88	7.52	6.66	6.03	6.28	6.21	6.75	7.29	6.8	6.96	16.82	5.13	8.28	6.64	6.47	5.75	6.95	7.68	7.18
0.25	0.78	0	1.28	1.63	0	2.66	0	0	0	0	0	0	4.14	1.47	0	0	3.49	4.76	0	0	2.59	0.11	0	0.02	0	0	0	0	2.31	1.19
0.25	0.78	0	1.28	1.63	0	2.66	0	0	0	0	0	0	4.14	1.47	0	0	3.49	4.76	0	0	2.59	0.11	0	0.02	0	0	0	0	2.31	1.19
0.25	0.78	0	1.28	1.63	0	2.66	0	0	0	0	0	0	4.14	1.47	0	0	3.49	4.76	0	0	2.59	0.11	0	0.02	0	0	0	0	2.31	1.19
0.25	0.78	0	1.28	1.63	0	2.66	0	0	0	0	0	0	4.14	1.47	0	0	3.49	4.76	0	0	2.59	0.11	0	0.02	0	0	0	0	2.31	1.19
0.25	0.78	0	1.28	1.63	0	2.66	0	0	0	0	0	0	4.14	1.47	0	0	3.49	4.76	0	0	2.59	0.11	0	0.02	0	0	0	0	2.31	1.19
0.25	0.78	0	1.28	1.63	0	2.66	0	0	0	0	0	0	4.14	1.47	0	0	3.49	4.76	0	0	2.59	0.11	0	0.02	0	0	0	0	2.31	1.19
15.08	14.37	15.04	15.25	15.02	14.62	14.83	15.03	15.23	15.25	15.04	14.82	15.65	0	17.05	18.48	15	14.32	14.69	13.81	15.04	16.14	13.46	14.93	15	15.15	15.01	15	15.29	13.66	13.47
1.19	4.26	2.97	9.6	0.81	3.02	4.32	7.95	2.94	13.64	5.89	1.5	3.1	2.57	0	61.68	4.17	4.98	4.51	2.57	11.37	6.46	5.77	0.24	4.16	4.76	4.97	3.89	5.59	6.7	2.85
0.25	0.78	0	1.28	1.63	0	2.66	0	0	0	0	0	0	4.14	1.47	0	0	3.49	4.76	0	0	2.59	0.11	0	0.02	0	0	0	0	2.31	1.19
0.25	0.78	0	1.28	1.63	0	2.66	0	0	0	0	0	0	4.14	1.47	0	0	3.49	4.76	0	0	2.59	0.11	0	0.02	0	0	0	0	2.31	1.19
0.05	1.51	1.94	0.62	1.37	0	0.06	0.89	1.69	1.35	1.66	0.73	0	0.23	0.36	1.73	1.26	0	1.66	0	2.2	2.07	1.3	2.48	0	1.56	0.87	0.06	0.74	1.42	0.78
6.75	5.85	4.44	4.85	4.77	0	5.9	7.08	6	6.94	6.11	7.79	5.74	5.99	4.39	5.62	6.11	4.78	0	6.23	6.13	9.81	3.81	6.37	6.89	7.53	7.18	6.45	6.82	5.66	4.35
6.34	9.94	1.62	4.88	0	0	9.05	0.36	1.58	1.57	1.09	1.39	7.26	6.38	8.7	0.68	0.83	7.59	9.52	0	1.17	13.17	2.6	0.49	7.47	1.22	0.56	10.21	1.04	0	4.34
0.25	0.78	0	1.28	1.63	0	2.66	0	0	0	0	0	0	4.14	1.47	0	0	3.49	4.76	0	0	2.59	0.11	0	0.02	0	0	0	0	2.31	1.19
0.66	0	0.91	0.7	0.04	1.24	1.16	0.18	0.13	2.48	1.46	1.66	1.2	0.66	1.71	0.49	0.85	1.56	0.61	1.23	1.1	0	0.31	3.63	1.34	2.32	0.26	0.03	1.44	1.75	0.61
0	0	0	0	0	0	0	0	0.01	0	0.01	0	0	0	0	0	0	0	0	0	0	0	0	0	0	0	0	0	0	0	0
0.25	0.78	0	1.28	1.63	0	2.66	0	0	0	0	0	0	4.14	1.47	0	0	3.49	4.76	0	0	2.59	0.11	0	0.02	0	0	0	0	2.31	1.19
4.24	1.74	0.75	3.73	3.24	0.36	2.88	0.5	3.13	2.38	1.98	7.02	1.31	1.35	6.64	0.42	2.04	1.82	4.55	4.22	1.52	0.78	3.22	1.01	0	3.57	1.31	3.39	1.66	2.66	3.13
0.25	0.78	0	1.28	1.63	0	2.66	0	0	0	0	0	0	4.14	1.47	0	0	3.49	4.76	0	0	2.59	0.11	0	0.02	0	0	0	0	2.31	1.19
0.03	0.12	2.89	0.09	1.57	0	0.36	2.03	4.21	3.46	3.75	0.18	4.44	4.92	2.3	2.07	2.53	5.89	5.71	0	3.8	0.82	0.14	1.6	0	1.91	0	0	2.68	2.28	1.19
0.71	1.38	0	1.65	1.29	0.06	1.27	0	0	0	0	0.02	0	1.16	2.71	0	0	3.32	4.53	0.96	0	7.36	0	0	1.61	0	0	0	0	3.02	1.35
0.25	0.78	0	1.28	1.63	0	2.66	0	0	0	0	0	0	4.14	1.47	0	0	3.49	4.76	0	0	2.59	0.11	0	0.02	0	0	0	0	2.31	1.19
1.06	0.02	0.96	1.03	0	0	2.67	0.33	1.98	1.14	2.03	2.4	1.01	2.54	1.32	2.73	1.81	2.1	2.95	0	2.85	3.47	1.45	1.05	0.41	1.51	0.36	1.47	1.71	0	1.2
2.54	1.88	1.81	2.7	2.06	0.81	3.03	2.64	4.45	3.95	2.97	3.54	5.33	4.67	2.55	2.36	2.36	2.79	3.34	3.49	4.22	2.77	0.39	5.3	2.65	2.86	4.15	2.65	3.74	2.65	0
0	16.82	13.22	0	13.13	11.11	15.34	10.86	13.41	13.27	13.77	16	13.44	14.01	15.52	14.57	13.73	14.56	15.45	9.81	14.37	12.05	13.12	12.75	13.61	13.61	12.37	13.6	14.14	13.5	9.75
5.51	0	5.98	7.86	2.38	6.77	6.4	6.81	7.35	6.11	6.71	5.35	5.47	6.33	6.32	5.96	6.17	7.64	7.23	7.02	6.03	0	7.77	5.77	7.39	5.58	6.7	9.11	6.18	6.89	6.22
0.29	5.34	0	0.4	5.28	0	4.5	0	0	0	0	0	0	4.54	0.53	0	0	4.57	4.9	0	0	4.79	0	0	0	0	0	0	0	5.19	1.56
0.31	13.4	11.09	0	13.11	10.06	14.92	10.09	14.3	13.69	13.35	13.94	12.89	13.4	14.57	13.98	13.27	12.48	13.99	11.33	13.63	17.32	14.12	14.8	15.31	11.35	12.93	14.58	14.51	13.31	9.63
5.04	4.67	3.96	3.62	0	0	3.04	4.1	6.08	4.8	4.68	5.08	3.96	2.55	3.13	4.06	5.14	5.48	4.8	0	4.64	4.36	5.44	6.72	3.17	4.04	4.92	6.22	4.93	0	4.46
0.09	6	6	0.09	6	0	6	6	6	6	6	6	6	6	6	6	6	6	6	0	6	6	6	6	6	6	6	6	6	6	3.8
7.74	8.23	8.29	8.89	8.94	10	0	8.3	9.53	9.28	8.96	8.35	9.82	8.5	8.12	9.5	9.45	8.41	8.4	8.82	8.77	9.08	10.03	9.54	9.41	11.84	9.55	10.06	8.56	8.26	8.54
0.29	5.34	0	0.4	5.28	0	4.5	0	0	0	0	0	0	4.54	0.53	0	0	4.57	4.9	0	0	4.79	0	0	0	0	0	0	0	5.19	1.56
0.29	5.34	0	0.4	5.28	0	4.5	0	0	0	0	0	0	4.54	0.53	0	0	4.57	4.9	0	0	4.79	0	0	0	0	0	0	0	5.19	1.56
0.29	5.34	0	0.4	5.28	0	4.5	0	0	0	0	0	0	4.54	0.53	0	0	4.57	4.9	0	0	4.79	0	0	0	0	0	0	0	5.19	1.56
0.29	5.34	0	0.4	5.28	0	4.5	0	0	0	0	0	0	4.54	0.53	0	0	4.57	4.9	0	0	4.79	0	0	0	0	0	0	0	5.19	1.56
0.29	5.34	0	0.4	5.28	0	4.5	0	0	0	0	0	0	4.54	0.53	0	0	4.57	4.9	0	0	4.79	0	0	0	0	0	0	0	5.19	1.56
0.29	5.34	0	0.4	5.28	0	4.5	0	0	0	0	0	0	4.54	0.53	0	0	4.57	4.9	0	0	4.79	0	0	0	0	0	0	0	5.19	1.56
15	15	15	14.94	15	15	14.99	15	15	14.95	15	15	15	0	15	15	15	14.85	15	15	15	15	15	15	14.98	14.92	15	15	14.96	14.97	13.66
13.43	12.57	13.37	13.89	10.2	15	16.02	8.89	13.36	16.06	13.89	12.86	18.51	12.77	0	18.09	11.56	11.9	15.42	13.74	11.02	17.66	18.63	13.42	13.3	12.04	12.49	12.97	11.89	14.79	6.38
0.29	5.34	0	0.4	5.28	0	4.5	0	0	0	0	0	0	4.54	0.53	0	0	4.57	4.9	0	0	4.79	0	0	0	0	0	0	0	5.19	1.56
0.29	5.34	0	0.4	5.28	0	4.5	0	0	0	0	0	0	4.54	0.53	0	0	4.57	4.9	0	0	4.79	0	0	0	0	0	0	0	5.19	1.56
0.26	2.76	3.54	0.01	2.85	0.2	0.06	2.79	2.69	1.83	2.4	3.72	0.15	0.01	0.01	2.98	1.72	0	3.27	0	3.34	3.7	2.24	1.11	0.04	0.93	2.28	0	2.51	2.61	0.95
7.97	6.94	7.07	7.63	7.33	0	7.55	7.94	7.46	7.7	7.16	7.99	7.73	6.87	7.31	7.08	7.72	6.84	0	6.6	7.34	7.39	7.77	7.73	6.98	7.67	7.08	7.79	7.47	7.35	7.33
9.82	12.69	3.58	4.38	0	0	16.99	3.68	3.97	9.49	7.06	3.7	12.15	18.13	18.77	3.71	7.46	14.26	17.64	0	3.95	14.23	12.05	18.1	18.98	5.36	3.84	20.49	16.73	0	13.86
0.29	5.34	0	0.4	5.28	0	4.5	0	0	0	0	0	0	4.54	0.53	0	0	4.57	4.9	0	0	4.79	0	0	0	0	0	0	0	5.19	1.56
5.28	0	6.16	3.31	1.45	5.24	5.6	4.33	5.36	5.52	6.31	5.26	1.5	3.61	7.08	5.85	6.17	7.12	7.99	3.42	5.28	0	5.94	7.37	6.21	4.31	4.97	4.99	5.55	5.28	5.04
0	0	0	0	0	0	0	0	0	0	0	0	0	0	0	0	0	0	0	0	0	0	0	0	0	0	0	0	0	0	0
0.29	5.34	0	0.4	5.28	0	4.5	0	0	0	0	0	0	4.54	0.53	0	0	4.57	4.9	0	0	4.79	0	0	0	0	0	0	0	5.19	1.56
14.47	9.61	7.32	11.44	11.07	10.81	14.66	7.06	5.82	8.76	8.7	6.42	5.39	11.15	18.93	6.67	9.61	17.73	14.2	6.81	8.79	13.44	13.26	10.13	0	8.31	7.69	21.06	6.98	10.88	12.32
0.29	5.34	0	0.4	5.28	0	4.5	0	0	0	0	0	0	4.54	0.53	0	0	4.57	4.9	0	0	4.79	0	0	0	0	0	0	0	5.19	1.56
0.01	4.73	4.84	0.34	4.72	0	0.38	5.72	5.41	4.45	5.18	5.73	4.88	4.33	0.04	5.82	4.85	4.33	4.65	0	5.04	3.55	0	5.56	0	4.65	0	0	4.92	5.12	1.56
0.88	5.83	0	0.07	5.16	2.53	0.32	0	0	0	0	0	0	1.23	0.27	0	0	4.36	5.08	0.34	0	4.7	0	0	0.68	0	0	0	0	4.88	1.25
0.29	5.34	0	0.4	5.28	0	4.5	0	0	0	0	0	0	4.54	0.53	0	0	4.57	4.9	0	0	4.79	0	0	0	0	0	0	0	5.19	1.56
1.2	0.01	3.67	1.9	0	1.45	3.66	3.87	3.92	3.45	3.87	4.24	0.27	0.56	1.2	5.61	3.66	3.68	3.82	0	4.1	3.56	3.43	3.55	0.13	3.13	3.55	0.11	3.76	0	2.47
4.46	7.34	1.52	5.61	6.78	3.8	5.53	6.6	8.12	7.18	4.06	6.07	4.2	8.64	5.89	6.02	5.22	7.5	7.12	5.26	6.11	7.3	0.42	9.25	7.79	9.83	7.13	2.48	6.8	6.37	0
0	12.18	11.09	0	7.13	7.9	13.06	8.5	8.9	10.03	9.66	6	10	12.96	17.82	13.12	8.27	9.42	8.38	7.71	9.2	9.65	11.94	15.77	8.05	11.19	11.92	9.83	11.58	8.65	6.38
3.71	0	1.97	4.38	4.09	6.21	4.09	5.1	5.13	3.94	4.74	4.17	4.69	2.98	3.41	1.57	4.48	3.41	4.36	4.29	5.3	0	4.75	4.52	3.3	4.74	4.09	3.82	4.69	4.92	3.73
0.14	3.97	0	1	2.31	0.03	5.47	0	0	0	0	0	0	2.58	3	0	0	3.2	3.23	0	0	1.94	0	0	0	0	0	0	0	3.05	1.16
0	9.33	9.12	0	10.53	7.78	11.2	8.7	8.43	9.4	9.63	7.18	13.56	10.48	10.39	12.02	9.63	9.22	9.87	7.44	6.4	9.3	12.88	11.53	6.34	8.42	12.84	11.93	10	9.82	6.9
1.75	3.62	0.43	1.77	0	0	0.79	2.07	1.83	1.02	1.93	2.79	1.09	1.36	0.9	2.19	5.42	2.01	0.58	0	3.14	2.55	2.56	3.93	0.52	6.36	1.65	6.04	2.88	0	1.36
0.6	6	6	0.07	6	0	6	6	6	6	6	6	6	6	6	6	6	6	6	0	6	6	6	6	6	6	6	6	6	6	4.59
14.83	11.92	9.99	9.85	9.66	10.55	0	9.53	8.52	10.55	10.14	12.83	11.02	9.4	7.9	9.12	10.92	11.21	11.2	11.22	7.21	7.99	11.19	14.43	10.05	13.44	9.28	12.04	10.86	9.87	10.91
0.14	3.97	0	1	2.31	0.03	5.47	0	0	0	0	0	0	2.58	3	0	0	3.2	3.23	0	0	1.94	0	0	0	0	0	0	0	3.05	1.16
0.14	3.97	0	1	2.31	0.03	5.47	0	0	0	0	0	0	2.58	3	0	0	3.2	3.23	0	0	1.94	0	0	0	0	0	0	0	3.05	1.16
0.14	3.97	0	1	2.31	0.03	5.47	0	0	0	0	0	0	2.58	3	0	0	3.2	3.23	0	0	1.94	0	0	0	0	0	0	0	3.05	1.16
0.14	3.97	0	1	2.31	0.03	5.47	0	0	0	0	0	0	2.58	3	0	0	3.2	3.23	0	0	1.94	0	0	0	0	0	0	0	3.05	1.16
0.14	3.97	0	1	2.31	0.03	5.47	0	0	0	0	0	0	2.58	3	0	0	3.2	3.23	0	0	1.94	0	0	0	0	0	0	0	3.05	1.16
0.14	3.97	0	1	2.31	0.03	5.47	0	0	0	0	0	0	2.58	3	0	0	3.2	3.23	0	0	1.94	0	0	0	0	0	0	0	3.05	1.16
30	15	15	14.95	15	11.24	15	15	15	15	15	15	15	0	14.95	15	15	15	14.97	15	15	15	15	15	15	15	15	15	15	15	13.4
5	5.36	4.96	6.33	5.99	5	5.85	5.19	10.37	4.74	5.1	12.9	5	6.33	0	5	9.26	5.57	7.93	5	5.08	5	5	12.21	4.59	5.63	12.83	11.82	5.42	7.09	2.11
0.14	3.97	0	1	2.31	0.03	5.47	0	0	0	0	0	0	2.58	3	0	0	3.2	3.23	0	0	1.94	0	0	0	0	0	0	0	3.05	1.16
0.14	3.97	0	1	2.31	0.03	5.47	0	0	0	0	0	0	2.58	3	0	0	3.2	3.23	0	0	1.94	0	0	0	0	0	0	0	3.05	1.16
0	0.76	5.38	0	0.47	0	0	2.05	2.19	1.82	0.8	0.28	0	0	0	1.16	1.43	0	1.16	0	0.63	0.93	0.57	1.02	0	0.96	2.36	0	1.19	0.8	0.19
8	6.05	7.48	7.8	7.77	0	7.71	7.99	7.99	7.71	7.71	7.99	7.17	7.78	7.99	7.99	7.8	7.7	0	8	7.59	7.93	7.96	8	8	7.99	7.73	7.99	7.47	7.68	7.91
12.87	15.89	1.03	6.81	0	0	14.84	0.92	3.47	2.24	2.36	3.99	17.88	14.38	17.04	1.95	3.65	14.84	12.73	0	1.79	16.15	9.39	3.91	13.65	6.96	2.11	18.86	2.41	0	9.21
0.14	3.97	0	1	2.31	0.03	5.47	0	0	0	0	0	0	2.58	3	0	0	3.2	3.23	0	0	1.94	0	0	0	0	0	0	0	3.05	1.16
6.89	0	3.3	5.02	1.33	1.9	4.24	5.88	3.91	3.54	3.58	3.72	6.7	3.62	1.4	0.63	5.67	2.42	2.9	1.63	5.02	0	0.94	5.95	5.78	5.98	5.53	4.96	3.16	3.04	3.22
0	0	0	0	0	0	0	0	0	0	0	0	0	0	0	0	0	0	0	0	0	0	0	0	0	0	0	0	0	0	0
0.14	3.97	0	1	2.31	0.03	5.47	0	0	0	0	0	0	2.58	3	0	0	3.2	3.23	0	0	1.94	0	0	0	0	0	0	0	3.05	1.16
14.7	12.34	1.07	12.72	3.97	0	13.07	0.99	12.61	1.63	3.27	6.58	2.77	4.56	7.23	1.65	9.27	1.8	1.34	4.26	2.22	4.53	0.93	11.96	0	9.37	1.62	3.03	4.24	4.58	6.28
0.14	3.97	0	1	2.31	0.03	5.47	0	0	0	0	0	0	2.58	3	0	0	3.2	3.23	0	0	1.94	0	0	0	0	0	0	0	3.05	1.16
0	4.95	2.77	0.99	1.07	0.82	3.01	4.17	3.14	4.2	3.72	3.53	6.73	5.02	2.93	1.61	4.25	3.51	2.9	0	3.69	4.47	0	5.32	0	4.97	0	0	3.42	2.66	1.16
0.07	3.63	0	2.09	2.09	3.85	2.04	0	0	0	0	0	0	1.77	4.35	0	0	3.19	3.52	2.84	0	3.17	0	0	0	0	0	0	0	2.22	1.42
0.14	3.97	0	1	2.31	0.03	5.47	0	0	0	0	0	0	2.58	3	0	0	3.2	3.23	0	0	1.94	0	0	0	0	0	0	0	3.05	1.16
5.81	0.3	4.64	3.72	0	0.11	4.82	0.64	1.9	4.47	2.85	0.66	2.23	0.39	3.14	10.18	6.38	2.82	1.24	0.42	3	2.2	0.79	5.81	0	5.62	2.33	1.63	3.89	0	2.01
2.08	5.63	1.24	4.72	5.79	1.8	7.64	7.35	11.34	6.86	3.68	8.81	2.18	12.46	58.37	4.64	5.37	5.53	7.91	5.74	4.92	1.96	1.93	9.01	3.25	10.06	9.26	2.29	6.73	5.08	0
0	6.09	12.02	0	7.85	5.33	3.26	13.62	2.4	11.56	9.82	12.86	9.3	12.97	13.5	12.01	13.22	14.43	8.58	0.86	1.67	14	10.72	11.36	6.06	8.8	10.28	12.1	4.02	10.49	6.85
1.02	0	3.63	0.38	2.71	0.35	2.13	3.74	3.56	4.52	4	5	4	2.27	0.7	4.9	4.11	4.84	2.47	0.92	4.5	0	2.98	5	2.81	4.69	4.74	3.54	0.83	2.7	1.34
0.43	0.79	0	1.86	0.65	0	1.82	0	0	0	0	0	0	0.86	0.01	0	0	1.42	0.74	0	0	5.91	0	0	0.1	0	0	0	0	2.53	0.68
0	6.12	8.29	0	7.04	4.75	8.31	12.61	11.75	9.29	9.2	8.96	11.14	11.18	12.89	7.56	11.03	10.53	9.83	3.59	8.36	7.68	7.98	7.21	5.69	9.67	10.91	13.05	8.2	9.93	3.58
0	0.08	0.43	0	0	0	0.25	0.47	0.08	0.35	0.36	1.14	1.5	1.47	0.02	0.11	1.24	0.2	0.23	0	0.29	0.15	0.19	0.02	0.24	0.54	0.08	0.02	0.31	0	0.11
0.05	6	6	0.02	6	0	6	6	6	6	6	6	6	6	6	6	6	6	6	0	6	6	6	6	6	6	6	6	6	6	3.82
4.2	5.79	4.4	3.79	3.39	2.01	0	6.76	5.03	5.09	4.6	6.78	6.07	5.2	4.24	7.11	4.39	5.46	5.15	3.9	5.12	5.28	4.16	5.02	2.85	4.58	5.55	3.72	3.71	5.51	4.55
0.43	0.79	0	1.86	0.65	0	1.82	0	0	0	0	0	0	0.86	0.01	0	0	1.42	0.74	0	0	5.91	0	0	0.1	0	0	0	0	2.53	0.68
0.43	0.79	0	1.86	0.65	0	1.82	0	0	0	0	0	0	0.86	0.01	0	0	1.42	0.74	0	0	5.91	0	0	0.1	0	0	0	0	2.53	0.68
0.43	0.79	0	1.86	0.65	0	1.82	0	0	0	0	0	0	0.86	0.01	0	0	1.42	0.74	0	0	5.91	0	0	0.1	0	0	0	0	2.53	0.68
0.43	0.79	0	1.86	0.65	0	1.82	0	0	0	0	0	0	0.86	0.01	0	0	1.42	0.74	0	0	5.91	0	0	0.1	0	0	0	0	2.53	0.68
0.43	0.79	0	1.86	0.65	0	1.82	0	0	0	0	0	0	0.86	0.01	0	0	1.42	0.74	0	0	5.91	0	0	0.1	0	0	0	0	2.53	0.68
0.43	0.79	0	1.86	0.65	0	1.82	0	0	0	0	0	0	0.86	0.01	0	0	1.42	0.74	0	0	5.91	0	0	0.1	0	0	0	0	2.53	0.68
15.57	15.02	18.24	17.37	16.03	15	16.85	16.82	18.44	17.12	18.21	19.75	19.88	0	18.14	19.59	16.68	18.46	18.44	17.46	18.49	15.01	16.91	17.16	15.39	17.94	19.22	19.11	15.77	17.09	15.56
5.03	3.46	5.53	4.94	3.53	5	6.18	10.94	3.89	5.16	7.11	14.97	12.5	8.44	0	5	5.78	11.1	12.51	6.1	8.6	8.76	3.85	5.04	3.84	3.26	4.89	11.43	6.94	5.03	3.98
0.43	0.79	0	1.86	0.65	0	1.82	0	0	0	0	0	0	0.86	0.01	0	0	1.42	0.74	0	0	5.91	0	0	0.1	0	0	0	0	2.53	0.68
0.43	0.79	0	1.86	0.65	0	1.82	0	0	0	0	0	0	0.86	0.01	0	0	1.42	0.74	0	0	5.91	0	0	0.1	0	0	0	0	2.53	0.68
0.01	0.1	0.6	1.14	0.29	1.39	0.49	0.31	0.03	0.82	0.77	0.89	0	2.57	0	0.67	0.76	0	0.29	0	1.22	0.01	0.12	0.18	0.82	0.15	0.34	0	0.89	1.02	0.59
1.79	2.86	2.94	0.44	2.51	2.01	1.66	5.99	1.17	2.71	4.02	7.99	4.79	2.77	2.84	1.34	3.07	1.4	0	0.14	3.69	3.6	4.21	0.6	3.08	0.78	1.87	0.39	1.57	4.13	2.53
1.24	6.59	1.64	5.01	0	0	10.08	3.39	1.37	2.17	2.68	1.18	9.1	9.56	9.53	0.62	0.73	6.21	9.56	0	2.41	6.83	5.59	3.2	5.69	2.41	1.88	8.07	2.57	0	3.55
0.43	0.79	0	1.86	0.65	0	1.82	0	0	0	0	0	0	0.86	0.01	0	0	1.42	0.74	0	0	5.91	0	0	0.1	0	0	0	0	2.53	0.68
4.64	0	0.84	4.13	0.14	0.37	3.92	2.51	1.26	3.1	3.82	6.64	6.75	3.34	4	4.43	4.12	3.12	3.72	0.91	1.66	0	4.32	6.54	3.36	1.9	1.02	4.8	2.92	4.48	3.01
0	0	0	0	0	2.3	0	0	0	0	0	0	0	0	0	0	0	0	0	0	0	0	0	0	0	0	0	0	0	0	0
0.43	0.79	0	1.86	0.65	0	1.82	0	0	0	0	0	0	0.86	0.01	0	0	1.42	0.74	0	0	5.91	0	0	0.1	0	0	0	0	2.53	0.68
3.5	0.04	0.11	2.34	6.91	0.08	2.98	0.83	0	0.32	0.85	4.6	0.58	4.17	1.44	0.06	0.14	4.22	3.14	5.04	0.75	3.24	0.97	0.81	0	0.02	0.32	4.74	0.16	4.17	0.84
0.43	0.79	0	1.86	0.65	0	1.82	0	0	0	0	0	0	0.86	0.01	0	0	1.42	0.74	0	0	5.91	0	0	0.1	0	0	0	0	2.53	0.68
0.05	4.17	1.19	0.23	0.35	0	2.15	1.49	0.52	1.18	1.56	0.84	6.72	0.15	3.87	3.95	1.24	2.63	0.39	0	1.34	3.75	0	3.33	0	0.21	0	0	1.07	3.05	0.68
0.18	0.26	0	6.67	1.04	0	2.43	0	0	0	0	0	0	1.39	0.06	0	0	6.78	7.53	0.57	0	6.78	0	0	0.09	0	0	0	0	5.15	2.67
0.43	0.79	0	1.86	0.65	0	1.82	0	0	0	0	0	0	0.86	0.01	0	0	1.42	0.74	0	0	5.91	0	0	0.1	0	0	0	0	2.53	0.68
0.55	0	1.01	0.2	0	0.69	1.58	2.19	0.66	1.06	1.37	3.37	0.4	0.07	0	1.33	0.81	1.22	0.55	0	0.51	1.23	0.79	0.04	0.03	0.39	0.55	0	0.58	0	0.56
5.24	1.39	2.64	2.87	1.07	0.05	2.57	7.23	4.38	3.7	3.32	5.46	1.64	4.41	2.92	1.36	5.99	5.28	4.61	4.6	3.93	3.76	0.13	3.67	0.95	3.97	2.21	3.78	4.44	3.43	0
0	13.02	17.67	0	17.31	14.36	17.36	17.73	16.09	18.05	17	18	15.73	17.69	16.93	15.36	16.47	14.98	11.87	10.23	15.57	14.05	13.8	16.96	14.37	12.88	17.49	10.6	16.29	16.69	14.29
4.01	0	6.43	3.51	3.83	4.23	5.28	5.26	5.45	5.28	6.12	3.2	4.96	5.7	4.86	5.66	5.92	6.12	5.72	4.56	5.51	0	6.97	4.69	5.26	5.25	5.66	5.28	5.35	5.12	5.02
0.13	2.44	0	0.14	2.65	0	2.69	0	0	0	0	0	0	2.43	0.53	0	0	3.04	2.41	0	0	1.68	0	0	0	0	0	0	0	2.94	0.81
0	16.41	15.67	0	16.52	16.4	16.54	15.45	12.5	16.02	16.04	17.99	15.99	17.19	15.73	16.36	16.03	15.7	15.04	10.15	15.9	17.47	14.29	16.26	15.07	15.15	16.46	16.48	12.41	16.12	15.1
2.36	2.73	2.91	2.05	0	0	2.67	1.96	3.54	3.73	3.33	5.53	3.67	3.06	2.17	2.66	3.24	3.44	1.61	0	2.01	2.39	3.32	5.44	0.16	4.13	3.25	2.74	3.08	0	3.74
0.36	6	6	0.21	6	0	6	6	6	6	6	6	6	6	6	6	6	6	6	0	6	6	6	6	6	6	6	6	6	6	3.83
10.65	9.78	9.54	8.84	7.02	14.96	0	9.72	7.1	7.22	8.72	11.23	7.65	9.03	10.24	8.36	9.15	8.9	8.48	10.97	8.17	9.47	6.14	12.85	8.58	9.72	8.84	9.89	8.53	9.52	9.53
0.13	2.44	0	0.14	2.65	0	2.69	0	0	0	0	0	0	2.43	0.53	0	0	3.04	2.41	0	0	1.68	0	0	0	0	0	0	0	2.94	0.81
0.13	2.44	0	0.14	2.65	0	2.69	0	0	0	0	0	0	2.43	0.53	0	0	3.04	2.41	0	0	1.68	0	0	0	0	0	0	0	2.94	0.81
0.13	2.44	0	0.14	2.65	0	2.69	0	0	0	0	0	0	2.43	0.53	0	0	3.04	2.41	0	0	1.68	0	0	0	0	0	0	0	2.94	0.81
0.13	2.44	0	0.14	2.65	0	2.69	0	0	0	0	0	0	2.43	0.53	0	0	3.04	2.41	0	0	1.68	0	0	0	0	0	0	0	2.94	0.81
0.13	2.44	0	0.14	2.65	0	2.69	0	0	0	0	0	0	2.43	0.53	0	0	3.04	2.41	0	0	1.68	0	0	0	0	0	0	0	2.94	0.81
0.13	2.44	0	0.14	2.65	0	2.69	0	0	0	0	0	0	2.43	0.53	0	0	3.04	2.41	0	0	1.68	0	0	0	0	0	0	0	2.94	0.81
15	15	15	15	15	15	15	15	15	15	15	15	15	0	15	15	15	15	15	15	15	15	15	15	15	15	15	15	15	15	12.79
9.36	7.53	9.25	5.79	11.13	3.46	10.05	4.02	7.52	9.72	9.94	0.3	7.71	11.92	0	6.43	9.12	10.11	7.91	8.97	9.6	12.32	9.98	9.15	9.02	8.77	3.05	13.35	8.19	6.39	3.44
0.13	2.44	0	0.14	2.65	0	2.69	0	0	0	0	0	0	2.43	0.53	0	0	3.04	2.41	0	0	1.68	0	0	0	0	0	0	0	2.94	0.81
0.13	2.44	0	0.14	2.65	0	2.69	0	0	0	0	0	0	2.43	0.53	0	0	3.04	2.41	0	0	1.68	0	0	0	0	0	0	0	2.94	0.81
0	1	1.31	0	0.19	0	0	1.27	0.06	0.7	0.64	1.02	0	0	0	0.81	0.94	0	0.67	0	0.34	0.63	1.33	1.91	0	1.03	0.19	0	1	1.32	0.53
8	7.46	7.61	7.98	7.8	0	5.66	7.98	7.89	7.52	7.33	8	8	7.02	7.55	7.95	7.76	7.7	0	7.47	7.46	7.97	7.92	7.89	4.15	4.72	7.96	7.99	7.65	7.77	6.6
3.69	12.25	2.61	11.48	0	0	15.65	3.32	3.61	3.78	4.64	1.78	13.37	15.82	17.03	3.11	4.27	13.14	12.71	0	0.91	13.52	18.24	3.54	14.99	2.06	3.17	17.34	3.46	0	12.52
0.13	2.44	0	0.14	2.65	0	2.69	0	0	0	0	0	0	2.43	0.53	0	0	3.04	2.41	0	0	1.68	0	0	0	0	0	0	0	2.94	0.81
2.77	0	6.53	2.68	0.47	5.47	3.79	5.61	5.17	4.08	5.25	3.7	4.43	4.45	3.82	5.31	5.12	4.63	5.94	1.54	5.06	0	5.63	3.2	5.66	4.38	4.11	3.56	4.8	4.27	4.34
0	0	0	0	0	0	0	0	0	0	0	0	0	0	0	0	0	0	0	0	0	0	0	0	0	0	0	0	0	0	0
0.13	2.44	0	0.14	2.65	0	2.69	0	0	0	0	0	0	2.43	0.53	0	0	3.04	2.41	0	0	1.68	0	0	0	0	0	0	0	2.94	0.81
6.93	8.89	5.49	6.49	6.25	0.27	10.62	6.29	5.83	4.25	5.66	2.48	4.76	11	4.98	4.48	5.79	5.79	8.04	7.47	6.11	9.76	4.75	1.18	0	6.01	4.61	5.97	4.72	6.27	7.63
0.13	2.44	0	0.14	2.65	0	2.69	0	0	0	0	0	0	2.43	0.53	0	0	3.04	2.41	0	0	1.68	0	0	0	0	0	0	0	2.94	0.81
1.66	2.88	1.88	0.25	2.49	0	0.3	2.74	2.12	2.73	2.69	2.64	3.41	2.7	0.29	3.12	3.18	3.12	3.29	0	2.68	2.4	0	3.11	0	2.57	0	0	2.91	2.8	0.81
0.03	2.75	0	0.1	2.53	0	0.4	0	0	0	0	0	0	0.2	0.95	0	0	2.88	2.6	0.02	0	0.45	0	0	0.03	0	0	0	0	1.79	0.7
0.13	2.44	0	0.14	2.65	0	2.69	0	0	0	0	0	0	2.43	0.53	0	0	3.04	2.41	0	0	1.68	0	0	0	0	0	0	0	2.94	0.81
0.55	0.19	2.31	0.18	0	0.01	2.48	1.14	2.45	2.87	2.73	0.1	0.05	0.22	0.3	3.51	2.5	2.66	1.69	0	1.62	1.51	2.16	2.38	0	2.5	2.88	0.38	2.31	0	2.52
6.11	5.16	2.55	5.42	7.07	3.41	4.35	6.87	10.98	8.41	3.91	5.86	4.34	5.6	5.51	4.62	6.17	6.31	6.41	5.82	7.58	5.04	2.03	11.45	7.76	12.54	4.86	3.74	7.7	5.41	0
0	5.48	8.2	0	6.23	6.36	9.94	8.87	7.84	7.79	5.47	3.28	7.19	10.95	14.73	0.48	6.5	3.96	7.99	3.69	5.8	3.66	9	0.88	3.89	4.81	5.58	12.17	6.22	6.63	7.05
3.88	0	2.84	4.53	2.71	3.55	4.05	4	4.15	3.88	3.23	4.36	4.2	3.8	4.81	4.56	3.95	3.35	4.08	4.6	3.78	0	2.09	2.15	4.36	3.68	3.47	3.44	3.54	3.45	4.22
0.01	1.51	0	0.02	1.77	0	2.22	0	0	0	0	0	0	2.27	0	0	0	1.81	1.6	0	0	1.26	0	0	0	0	0	0	0	1.68	0.26
0.02	13.02	12.07	0	11.88	9.91	13.74	13.15	12.45	12.89	11.89	13.8	13.83	12.79	13.09	13.27	11.94	12.18	11.24	7.69	12.83	11.98	13.25	11.73	13.01	12.95	11.99	13.38	12.61	11.98	11.96
0.2	0.96	1.14	0.21	0	0	0.99	0.96	0.73	1.29	1.31	1.82	1.6	0.11	0.05	1.1	1.37	1.12	0.62	0	1.2	2.59	0.99	2.77	0.16	1.14	0.86	2.56	1.15	0	1.1
0.03	6	6	0.07	6	0	6	6	6	6	6	6	6	6	6	6	6	6	6	0	6	6	6	6	6	6	6	6	6	6	5.74
6.7	6.02	7.18	6.72	5.58	9.88	0	7.05	7.38	6.56	6.82	8.7	8.22	5.49	8.73	8.08	7.26	6.07	5.79	7.48	6.86	7.64	6.41	3.88	5.42	7.07	6.92	6.63	6.38	6.03	6.82
0.01	1.51	0	0.02	1.77	0	2.22	0	0	0	0	0	0	2.27	0	0	0	1.81	1.6	0	0	1.26	0	0	0	0	0	0	0	1.68	0.26
0.01	1.51	0	0.02	1.77	0	2.22	0	0	0	0	0	0	2.27	0	0	0	1.81	1.6	0	0	1.26	0	0	0	0	0	0	0	1.68	0.26
0.01	1.51	0	0.02	1.77	0	2.22	0	0	0	0	0	0	2.27	0	0	0	1.81	1.6	0	0	1.26	0	0	0	0	0	0	0	1.68	0.26
0.01	1.51	0	0.02	1.77	0	2.22	0	0	0	0	0	0	2.27	0	0	0	1.81	1.6	0	0	1.26	0	0	0	0	0	0	0	1.68	0.26
0.01	1.51	0	0.02	1.77	0	2.22	0	0	0	0	0	0	2.27	0	0	0	1.81	1.6	0	0	1.26	0	0	0	0	0	0	0	1.68	0.26
0.01	1.51	0	0.02	1.77	0	2.22	0	0	0	0	0	0	2.27	0	0	0	1.81	1.6	0	0	1.26	0	0	0	0	0	0	0	1.68	0.26
15	14.99	15	14.92	15	15	15	15	15	15	15	15	15	0	14.35	15	15	14.96	14.67	15	15	15	15	15	15	15	15	15	15	15	14.75
6.06	2.22	1.66	8.38	2.46	0	4.45	2.28	0.51	2.56	2.85	1.62	6.6	2.55	0	0.94	3.07	2.75	2.52	9.75	1.5	1.34	1.6	1.4	8.34	2.26	2.69	5.46	2.11	2.25	0.96
0.01	1.51	0	0.02	1.77	0	2.22	0	0	0	0	0	0	2.27	0	0	0	1.81	1.6	0	0	1.26	0	0	0	0	0	0	0	1.68	0.26
0.01	1.51	0	0.02	1.77	0	2.22	0	0	0	0	0	0	2.27	0	0	0	1.81	1.6	0	0	1.26	0	0	0	0	0	0	0	1.68	0.26
0	0.2	0.01	0	0.01	0	0	0	0.02	0.02	0.03	0	0	0	0	0	0.05	0	0	0	0	0	0	0.06	0	0.02	0.49	0	0.06	0.27	0
7.72	6.87	5.55	5.57	6.8	0	6.66	7.19	5.56	7.16	6.43	6.19	7.45	6.11	6.74	5.46	6.73	6.04	0	7.7	5.37	5.23	6.62	7.7	7.06	7.38	6.38	7.14	6.7	4.88	6.51
3.29	10.66	1.72	5.42	0	0	13.4	2.23	2.7	2.39	2.44	0.49	7.97	11.34	13.74	2.47	1.98	9.24	11.35	0	2.12	7.79	7.72	2.71	10.33	2.55	1.85	10.06	2.6	0	7.84
0.01	1.51	0	0.02	1.77	0	2.22	0	0	0	0	0	0	2.27	0	0	0	1.81	1.6	0	0	1.26	0	0	0	0	0	0	0	1.68	0.26
4	0	3.71	3.14	0.88	2.74	3.1	3.72	4.12	3.36	2.89	6.13	2.99	3.13	5.08	5.3	4.14	4.63	5.9	3.19	3.37	0	3.35	4.91	5.73	4.53	4.59	3.04	3.22	4	3.36
0	0	0	0	0	0	0.01	0	0	0	0	0	0	0	0	0	0	0	0	0	0	0	0	0	0	0	0	0	0	0	0
0.01	1.51	0	0.02	1.77	0	2.22	0	0	0	0	0	0	2.27	0	0	0	1.81	1.6	0	0	1.26	0	0	0	0	0	0	0	1.68	0.26
4.95	2.34	1.27	2.76	2.34	5.29	7.47	1.31	0.73	1.18	1.08	0.29	2.86	2.91	7.15	1.13	1.47	2.54	7.56	2.99	0.74	1.33	1.19	1.83	0	1.48	1.02	4.06	1.44	2.53	2.18
0.01	1.51	0	0.02	1.77	0	2.22	0	0	0	0	0	0	2.27	0	0	0	1.81	1.6	0	0	1.26	0	0	0	0	0	0	0	1.68	0.26
0	1.04	2.26	0	1.43	0	0.12	1.59	1.55	2.13	2.03	2.36	1.83	2.12	0.04	1.24	2.13	1.9	1.68	0	1.78	1.34	0	1.39	0	1.91	0	0	2.77	1.47	0.26
0	0.84	0	0	0.95	0	0.02	0	0	0	0	0	0	0.01	0	0	0	1.68	1.41	0.01	0	1.79	0	0	0	0	0	0	0	1.95	0.55
0.01	1.51	0	0.02	1.77	0	2.22	0	0	0	0	0	0	2.27	0	0	0	1.81	1.6	0	0	1.26	0	0	0	0	0	0	0	1.68	0.26
0.7	0.01	1.1	0.32	0	0	1.83	0.77	0.5	0.98	1.17	0.68	0.09	0.61	0.54	0.66	1.02	1.2	1.14	0	0.54	1.53	0.39	0.84	0	1.3	0.68	0.14	0.81	0	1.25
2.78	2.23	2.57	2.93	3.04	1.4	3.62	4.33	4.77	5.31	2.88	5.42	3.52	3.97	2.28	2.74	4.4	2.26	3.96	4.27	3.14	2.61	0.67	4.04	1.67	5.59	3.48	2.12	3.88	2.94	0
0	10.5	9.23	0	9.13	4.28	8	9.82	8.52	8.64	8.47	4.39	8.77	9.5	9.49	8.79	3.97	4.96	6.75	6.28	8.34	7.48	9.68	9.81	10.01	8.46	7.61	9.5	8.39	7.23	5.55
0	0	0	1.06	0.3	0	0.08	0.03	0	0.03	0.16	0	0	0	0.22	0.01	0.03	0.22	0.08	0	0.28	0	0	0.06	0.12	0	0.13	0	0.07	0.03	0.05
0	0.04	0	0	0.04	0	0.23	0	0	0	0	0	0	0.25	0	0	0	0.34	0.09	0	0	0.04	0	0	0	0	0	0	0	0.02	0.02
0	7.95	8.46	0	11.46	6.4	9.75	12.66	13.39	13.93	11.63	5.55	9.11	12.05	9.62	8.27	8.5	8.13	6.92	8.41	12.59	14.08	12.36	6.22	10.05	13.44	12.76	10.62	11.2	10.08	8.67
0	0.01	0	0	0	0	0	0.01	0	0.03	0.38	0	0	0	0	0	0.12	0.01	0	0	0	0.02	0	0	0	0	0.09	0	0.01	0	0
0.04	6	6	0.36	6	0	6	6	6	6	6	0	6	6	6	6	6	6	6	0	6	6	6	6	6	6	6	6	6	6	5.97
0	0.1	0	0.1	0.03	0	0	0.33	0	0.09	0.18	0.08	0	4.88	0	0.03	0.06	0.15	0.08	0	1.25	0.06	0	0	0.22	0.02	1.82	0	5.27	0.07	0.02
0	0.04	0	0	0.04	0	0.23	0	0	0	0	0	0	0.25	0	0	0	0.34	0.09	0	0	0.04	0	0	0	0	0	0	0	0.02	0.02
0	0.04	0	0	0.04	0	0.23	0	0	0	0	0	0	0.25	0	0	0	0.34	0.09	0	0	0.04	0	0	0	0	0	0	0	0.02	0.02
0	0.04	0	0	0.04	0	0.23	0	0	0	0	0	0	0.25	0	0	0	0.34	0.09	0	0	0.04	0	0	0	0	0	0	0	0.02	0.02
0	0.04	0	0	0.04	0	0.23	0	0	0	0	0	0	0.25	0	0	0	0.34	0.09	0	0	0.04	0	0	0	0	0	0	0	0.02	0.02
0	0.04	0	0	0.04	0	0.23	0	0	0	0	0	0	0.25	0	0	0	0.34	0.09	0	0	0.04	0	0	0	0	0	0	0	0.02	0.02
0	0.04	0	0	0.04	0	0.23	0	0	0	0	0	0	0.25	0	0	0	0.34	0.09	0	0	0.04	0	0	0	0	0	0	0	0.02	0.02
2.59	0.18	0.25	0.03	0.21	0.16	0.25	2.91	0.11	0.32	4.67	0	0	0	0.32	0.04	0.46	2.88	0.26	0.39	0.88	1.73	0.1	0.26	0.02	0.64	0.48	0.03	5.12	0.62	0.07
0	0.36	0.77	2.55	0.63	0	0.56	0.21	0	0.18	0.29	0	0.1	3.12	0	0	0.88	0.07	1.11	0	0.06	0.45	0.17	0	0.51	0.01	0.3	0	0.45	0.16	0.02
0	0.04	0	0	0.04	0	0.23	0	0	0	0	0	0	0.25	0	0	0	0.34	0.09	0	0	0.04	0	0	0	0	0	0	0	0.02	0.02
0	0.04	0	0	0.04	0	0.23	0	0	0	0	0	0	0.25	0	0	0	0.34	0.09	0	0	0.04	0	0	0	0	0	0	0	0.02	0.02
0	0	0	0	0	0	0	0	0	0	0	0	0	0	0	0	0	0	0	0	0	0	0	0	0	0	0	0	0	0	0
0	0.45	0.08	0.56	0.1	0	0.09	0.08	0	0.96	0.65	2.03	0	0.02	0.12	0	0.85	0.99	0	0	0.07	5.12	0.01	0.01	0.33	1.56	2.82	0	0.12	0.16	0.03
0	0.01	0.02	0.01	0	0	0.12	0	0	0.05	0.15	0	0.02	0	0	0	0.01	0.39	0.03	0	0.16	0.01	0.07	0	3.65	0.01	0.19	10.92	0.08	0	0.03
0	0.04	0	0	0.04	0	0.23	0	0	0	0	0	0	0.25	0	0	0	0.34	0.09	0	0	0.04	0	0	0	0	0	0	0	0.02	0.02
0	0	0.05	0	0	0	0	0.12	0	0.03	0.09	0	0	0	0	0	0.01	0.01	0	0	0	0	0	0	0.07	0	0.91	0	0.19	0.01	0
0	0	0	0	0	0	0	0	0	0	0	0	0	0	0	0	0	0	0	0	0	0	0	0	0	0	0	0	0	0	0
0	0.04	0	0	0.04	0	0.23	0	0	0	0	0	0	0.25	0	0	0	0.34	0.09	0	0	0.04	0	0	0	0	0	0	0	0.02	0.02
0	0	0	0	0	0	0	0	0	0	0	0	0	0	0	0	0	0	0	0	0	0	0	0	0	0	0	0	0	0	0
0	0.04	0	0	0.04	0	0.23	0	0	0	0	0	0	0.25	0	0	0	0.34	0.09	0	0	0.04	0	0	0	0	0	0	0	0.02	0.02
0	0.01	0.15	0	0.03	0	0.05	0.03	0	0.32	0.16	0.15	0.02	0.03	0	0	0.06	0.4	0.09	0	0.26	0.3	0	0.09	0	0.22	0	0	0.02	0.01	0.02
0	0	0	0	0.01	0	0.09	0	0	0	0	0	0	0	0.08	0	0	0.38	0.19	0	0	0	0	0	0	0	0	0	0	0.1	0.01
0	0.04	0	0	0.04	0	0.23	0	0	0	0	0	0	0.25	0	0	0	0.34	0.09	0	0	0.04	0	0	0	0	0	0	0	0.02	0.02
0	0	0	0	0	0	0.04	0.04	0.01	0.02	0.19	0.01	0	0	0	0.01	0.03	0.14	0.03	0	0.17	0.29	0	0	0	0.07	0.23	0	0.07	0	0.01
0.81	0.28	0.38	0.89	0.58	0.39	0.36	1.86	2.17	2.73	1.21	2.07	0.89	1.34	0.13	0.59	1.66	0.36	0.31	0.39	1.72	0.19	0.23	0.91	1.84	2.62	3.01	0.35	2.02	0.44	0
0	12.93	13.55	0	10.97	2.05	14.31	10.51	12.4	13.84	13.15	14.31	15.91	6.19	17.62	12.07	12.55	11.59	14.45	5.76	10.77	14.95	12.07	12.2	15.78	12.61	12.9	16.94	8.37	10.95	11.38
2.56	0	4.55	5.37	2.22	8.13	3.53	4.29	6.04	2.97	3.69	2.85	5.53	3.5	4.12	2.81	4.37	4.96	5.91	3.83	3.83	0.08	1.27	5.39	4.62	5.33	3.91	3.98	3.93	3.58	4.41
0.03	2.09	0	0	2.01	0	1.73	0	0	0	0	0	0	2.31	0.01	0	0	1.82	0.74	0	0	2.6	0	0	0	0	0	0	0	2.26	0.48
0	15.73	13.32	0	13.87	11.41	15.63	15.29	14.79	14.07	14.33	12.12	16.13	14.7	15.17	13.81	14.09	14.95	14.67	9.09	14.69	16.09	15.06	16.1	14.21	14.87	14.43	13.05	14.74	14.49	14.57
2.12	1.83	2.11	0.74	0	0	2.11	0.24	2.31	2.36	2.48	3.5	3.56	1.92	1.8	1.75	3.05	2.41	1.99	0	3.05	2.77	2.86	2.37	0.49	3.19	2.25	1.58	1.95	0	1.47
0	6	6	0	6	0	6	6	6	6	6	6	6	6	6	6	6	6	6	0	6	6	6	6	6	6	6	6	6	6	5.4
5.71	5.93	6.84	6.85	5.58	6.02	0	5.94	7.03	7.46	6.75	4.29	4.48	4.83	6.94	3.53	6.98	6.48	6.38	3.42	6.95	4.12	6.07	6.54	7.5	7.36	7.01	10.61	6.82	5.39	5.85
0.03	2.09	0	0	2.01	0	1.73	0	0	0	0	0	0	2.31	0.01	0	0	1.82	0.74	0	0	2.6	0	0	0	0	0	0	0	2.26	0.48
0.03	2.09	0	0	2.01	0	1.73	0	0	0	0	0	0	2.31	0.01	0	0	1.82	0.74	0	0	2.6	0	0	0	0	0	0	0	2.26	0.48
0.03	2.09	0	0	2.01	0	1.73	0	0	0	0	0	0	2.31	0.01	0	0	1.82	0.74	0	0	2.6	0	0	0	0	0	0	0	2.26	0.48
0.03	2.09	0	0	2.01	0	1.73	0	0	0	0	0	0	2.31	0.01	0	0	1.82	0.74	0	0	2.6	0	0	0	0	0	0	0	2.26	0.48
0.03	2.09	0	0	2.01	0	1.73	0	0	0	0	0	0	2.31	0.01	0	0	1.82	0.74	0	0	2.6	0	0	0	0	0	0	0	2.26	0.48
0.03	2.09	0	0	2.01	0	1.73	0	0	0	0	0	0	2.31	0.01	0	0	1.82	0.74	0	0	2.6	0	0	0	0	0	0	0	2.26	0.48
15	14.36	14.97	14.99	14.72	15	14.69	14.99	14.94	14.95	14.96	15	14.97	0	15	14.85	14.99	14.87	14.95	14.96	14.91	14.9	14.99	15	13.21	15	14.97	15	14.73	14.9	13.93
7.14	6.76	9.35	7.18	5.18	0	6.86	5.85	3.74	5.25	7.04	10.89	5.22	3.5	0	5.54	6.56	5.38	5.7	3.39	5.91	7.05	6.89	9.88	3.7	3.19	7.01	6.52	7.24	6.64	1.13
0.03	2.09	0	0	2.01	0	1.73	0	0	0	0	0	0	2.31	0.01	0	0	1.82	0.74	0	0	2.6	0	0	0	0	0	0	0	2.26	0.48
0.03	2.09	0	0	2.01	0	1.73	0	0	0	0	0	0	2.31	0.01	0	0	1.82	0.74	0	0	2.6	0	0	0	0	0	0	0	2.26	0.48
0	0.36	0.16	0	0.24	0	0	0.06	0.21	0.17	0.09	0	0	0	0	0.09	0.09	0	0.54	0	0.27	0.03	0.19	0.04	0	0.04	0.16	0	0.13	0.22	0.05
7.78	6.48	5.52	5.98	6.62	0.01	4.91	7.8	5.91	6.8	7.02	6.68	7.02	5.78	5.68	4.67	7.18	6.39	0	6.37	6.55	3.9	7.63	7.79	5.3	6.61	7.13	5.88	6.54	5.21	5.91
5.78	12.05	2.87	6.11	0	0	10.55	2.53	1.58	2.53	2.5	2.19	10.27	11.93	7.95	2.61	2.48	9.11	9.25	0	2.24	8.52	10.25	2.84	11.1	2.79	2.17	11.94	1.97	0	9.9
0.03	2.09	0	0	2.01	0	1.73	0	0	0	0	0	0	2.31	0.01	0	0	1.82	0.74	0	0	2.6	0	0	0	0	0	0	0	2.26	0.48
4.34	0	6.26	4.59	1.15	1.95	4.05	5.31	4.51	5.44	5.97	3.56	6.33	4.7	4.83	5.24	6.17	5.65	6.28	5.11	5.74	0	6.07	6.08	5.26	5.97	5.93	4.63	5.41	4.76	4.49
0	0	0	0	0	0	0	0	0	0	0	0	0	0	0	0	0	0	0	0	0	0	0	0	0	0	0	0	0	0	0
0.03	2.09	0	0	2.01	0	1.73	0	0	0	0	0	0	2.31	0.01	0	0	1.82	0.74	0	0	2.6	0	0	0	0	0	0	0	2.26	0.48
1.25	9.07	8.31	7.51	3	6.95	6.53	3.99	4.73	3.96	4.3	9.26	9.31	5.81	9	3.37	4.14	4.46	4.13	5.16	3.01	1.06	11.69	4.04	0	5.88	3.29	10.58	3.23	5.07	5.45
0.03	2.09	0	0	2.01	0	1.73	0	0	0	0	0	0	2.31	0.01	0	0	1.82	0.74	0	0	2.6	0	0	0	0	0	0	0	2.26	0.48
0.02	1.55	2.48	0	2.14	0	0.18	2.56	2.35	2.36	2.3	2.89	1.54	2.71	0.04	2.23	2.47	1.7	2.63	0	2.43	3.31	0	2.52	0	2.24	0	0	2.32	2.21	0.48
0.01	1.74	0	0	1.81	0	0.01	0	0	0	0	0	0	0	0	0	0	1.17	0.6	0	0	2.08	0	0	0	0	0	0	0	1.89	0.32
0.03	2.09	0	0	2.01	0	1.73	0	0	0	0	0	0	2.31	0.01	0	0	1.82	0.74	0	0	2.6	0	0	0	0	0	0	0	2.26	0.48
0.05	0	2.16	0	0	0	2.94	2.58	1.77	2.44	2.23	3.63	0	0	0	2.3	2.55	2.2	2.29	0	2.3	1.86	2.38	2.11	0	2.27	2.17	0	1.96	0	1.01
3.86	3.13	2.43	3.01	4.1	2.55	2.23	4.33	6.16	8.18	3.4	4.63	4.18	4.47	1.65	3.4	5.57	3.36	2.55	2.53	3.79	2.79	2.16	5.6	3.86	7.49	5.85	2.5	5.19	3.52	0
0	9.11	11.96	0	9.19	10.71	13.16	11.21	8.43	9.5	9.73	7.16	11.66	18.27	14.25	11.72	9.75	8.72	13.83	0.28	9.3	8.76	8.58	11.39	4.59	9.27	8.53	6.45	9.24	8.09	13.44
0.05	0	0.19	0.15	0.37	2.47	2.13	2.81	1.53	0.56	1.02	0.13	1.78	1.18	1.9	0.51	0.75	1.47	1.75	1.34	1.46	0	0.71	3.64	3.36	0.25	0.58	4.83	0.87	0.58	1.21
4.5	1.4	0	0.86	0.62	0.03	2.99	0	0	0	0	0	0	2.64	5.05	0	0	3.1	1.21	0	0	2.26	0	0	0	0	0	0	0	0.73	0.83
0	12	9.94	0	10.33	8.36	10.71	17.63	11.34	5.16	8.25	6.23	12.04	9.58	10.33	10.49	10.24	7.22	8.1	2.44	8.74	10.38	10.35	8.07	9.8	8.54	10.06	15.27	10.59	7.84	5.61
0	0.14	0.12	0	0	0	0.23	1.45	0.17	0.34	0.29	0.52	0.09	0.02	0.01	0.04	0.65	0.69	0.14	0	0.16	0.08	2.3	0.16	0	0.44	0.04	0.13	0.32	0	0.31
0.81	6	6	0.04	6	0	6	6	6	6	6	6	6	6	6	6	6	6	6	0	6	6	6	6	6	6	6	6	6	6	5.96
12.65	0.58	0.6	3.69	0.29	1.1	0	4.55	1.02	1.11	1.13	0.16	3.4	0.36	6.01	0.06	0.79	2.06	1.85	0.43	1.71	0.68	1.37	1.51	0.21	1.42	1.01	7.4	0.99	0.44	0.87
4.5	1.4	0	0.86	0.62	0.03	2.99	0	0	0	0	0	0	2.64	5.05	0	0	3.1	1.21	0	0	2.26	0	0	0	0	0	0	0	0.73	0.83
4.5	1.4	0	0.86	0.62	0.03	2.99	0	0	0	0	0	0	2.64	5.05	0	0	3.1	1.21	0	0	2.26	0	0	0	0	0	0	0	0.73	0.83
4.5	1.4	0	0.86	0.62	0.03	2.99	0	0	0	0	0	0	2.64	5.05	0	0	3.1	1.21	0	0	2.26	0	0	0	0	0	0	0	0.73	0.83
4.5	1.4	0	0.86	0.62	0.03	2.99	0	0	0	0	0	0	2.64	5.05	0	0	3.1	1.21	0	0	2.26	0	0	0	0	0	0	0	0.73	0.83
4.5	1.4	0	0.86	0.62	0.03	2.99	0	0	0	0	0	0	2.64	5.05	0	0	3.1	1.21	0	0	2.26	0	0	0	0	0	0	0	0.73	0.83
4.5	1.4	0	0.86	0.62	0.03	2.99	0	0	0	0	0	0	2.64	5.05	0	0	3.1	1.21	0	0	2.26	0	0	0	0	0	0	0	0.73	0.83
2.44	0.52	1.04	5.72	1.19	9.48	3.01	7.18	0.84	4.19	4.68	14.55	0.61	0	13.96	0.58	8.71	5.57	1.16	2.39	7.28	4.13	5.22	4.47	13.84	3.46	3.89	4.54	5.03	2.1	2.49
8.33	4.52	0.04	3.95	4.32	15	6.25	5.02	6.71	4.54	5.9	8.33	5.9	4.3	0	2.38	5.72	0.69	2.78	1.44	2.68	4.81	4.8	0.41	0.81	2.98	5.39	4.3	4.1	3.68	1.67
4.5	1.4	0	0.86	0.62	0.03	2.99	0	0	0	0	0	0	2.64	5.05	0	0	3.1	1.21	0	0	2.26	0	0	0	0	0	0	0	0.73	0.83
4.5	1.4	0	0.86	0.62	0.03	2.99	0	0	0	0	0	0	2.64	5.05	0	0	3.1	1.21	0	0	2.26	0	0	0	0	0	0	0	0.73	0.83
0	0	0	0	0	0	0	0	0	0	0	0	0	0	0	0	0	0	0	0	0	0	0	0	0	0	0	0	0	0	0
1.04	2.42	0.47	3.81	1.13	0	2.17	5.14	1.39	2.42	2.1	2.74	5.15	1.52	5.02	0.01	0.83	1.07	0	3.49	1.28	4	3.31	0.54	0.16	1.7	4.73	4.77	1.64	0.44	0.37
2	2.61	0.21	1.94	0	0	3.83	0.19	0.03	0.05	0.21	0.06	1.94	5.9	4.61	0.44	0.26	3.49	2.95	0	0.01	1.61	0.88	0.82	8.6	0.09	0.03	0.16	0.02	0	1.4
4.5	1.4	0	0.86	0.62	0.03	2.99	0	0	0	0	0	0	2.64	5.05	0	0	3.1	1.21	0	0	2.26	0	0	0	0	0	0	0	0.73	0.83
0.02	0	1	1.44	0.12	0.18	1.37	3.03	0.08	1.38	0.69	0.08	2.21	2.67	1.5	0.08	0.49	0.27	0.2	2.19	0.92	0	0.42	2.38	2.12	0.75	2.83	0	1.43	1.3	0.69
0	0	0	0	0	0	0	0	0	0	0	0	0	0	0	0	0	0	0	0	0	0	0	0	0	0	0	0	0	0	0
4.5	1.4	0	0.86	0.62	0.03	2.99	0	0	0	0	0	0	2.64	5.05	0	0	3.1	1.21	0	0	2.26	0	0	0	0	0	0	0	0.73	0.83
0.22	1.4	0.13	0.58	1.03	4.33	2.59	2.22	0.02	0.29	0.3	0.08	0.05	0.86	1.39	0.18	0.26	1.22	1.32	0.57	0.34	0.2	0.58	0.32	0	0.84	0.16	6.62	1.73	0.9	1.87
4.5	1.4	0	0.86	0.62	0.03	2.99	0	0	0	0	0	0	2.64	5.05	0	0	3.1	1.21	0	0	2.26	0	0	0	0	0	0	0	0.73	0.83
0	1.86	1.02	0.38	0.76	0.03	1.52	4.94	1.31	8.04	3.04	2.54	4.38	1.25	8.39	1.84	2.11	5.47	1.36	0	2.41	1.33	0	11.02	0	1.88	0	0	2.81	1.2	0.83
0	0.63	0	8.32	0.2	9.8	1.85	0	0	0	0	0	0	8.9	4.93	0	0	4.73	3.27	5.53	0	9.65	0	0	0.18	0	0	0	0	0.84	1.03
4.5	1.4	0	0.86	0.62	0.03	2.99	0	0	0	0	0	0	2.64	5.05	0	0	3.1	1.21	0	0	2.26	0	0	0	0	0	0	0	0.73	0.83
0.08	0.02	1.04	0.1	0	0.04	0.84	1.35	0.37	0.6	0.51	1.18	0.03	0.74	0.23	0.18	0.35	1.03	0.4	0	1.09	0.56	0.55	0.16	0	0.76	0.28	0.09	0.83	0	0.41
2.66	1.96	0.37	2.36	0.91	0.89	1.75	2.87	4.15	2.74	1.95	2.22	3.48	3.9	2.2	0.41	2.73	1.21	0.96	2.33	1.28	4.21	0.82	1.99	3.07	3.92	6.98	0.28	3.44	0.75	0
0	1.64	3.14	0	8.88	2.55	13.63	6.59	1.59	10.9	7.83	16.71	9.38	8.26	3.92	9.04	9.59	10.03	7.25	4.71	5.2	4.33	7.83	10.43	13	10.31	5.73	8.96	7.73	6.4	11.49
0.39	0	0.81	1.15	0.99	0.05	1.89	0.74	1.25	1.09	1.36	4.26	2.24	1.25	2.76	0.21	3.35	0.89	1.52	0.69	0.71	0	1.08	0.33	1.65	0.86	1	1.22	1.29	0.91	1.04
0.04	0.78	0	0.01	1.17	0	1.98	0	0	0	0	0	0	1.46	0.02	0	0	1.6	2.36	0	0	1.15	0	0	0	0	0	0	0	0.75	0.31
0.08	6.84	10.26	0	8.96	10.19	13.31	5.14	8.91	11.78	10.96	15.68	13.28	8.3	13.37	5.44	14.99	12.04	12.43	12.26	5.26	11.55	13.07	15.11	12.72	13.88	11.89	15.52	14.08	10.11	12.99
0	0.45	0.8	0	0	0	0.58	0.29	0.76	0.91	0.51	0.01	1.12	0.35	0.08	0.08	1.53	1.11	0.03	0	0.51	0.26	0.62	0.7	0.01	1.24	0.48	0.23	0.83	0	0.92
0	6	6	0.01	6	0	6	6	6	6	6	6	6	6	6	6	6	6	6	0	6	6	6	6	6	6	6	6	6	6	5.66
0.12	4.26	5.21	5.59	4.29	3.73	0	4.73	4.11	4.25	3.96	7.16	4.89	4.6	9.67	4.24	5.73	7.09	8.26	5.47	2.13	6.28	4.86	6.1	5.15	5.05	2.99	4.44	4.03	3.95	8.05
0.04	0.78	0	0.01	1.17	0	1.98	0	0	0	0	0	0	1.46	0.02	0	0	1.6	2.36	0	0	1.15	0	0	0	0	0	0	0	0.75	0.31
0.04	0.78	0	0.01	1.17	0	1.98	0	0	0	0	0	0	1.46	0.02	0	0	1.6	2.36	0	0	1.15	0	0	0	0	0	0	0	0.75	0.31
0.04	0.78	0	0.01	1.17	0	1.98	0	0	0	0	0	0	1.46	0.02	0	0	1.6	2.36	0	0	1.15	0	0	0	0	0	0	0	0.75	0.31
0.04	0.78	0	0.01	1.17	0	1.98	0	0	0	0	0	0	1.46	0.02	0	0	1.6	2.36	0	0	1.15	0	0	0	0	0	0	0	0.75	0.31
0.04	0.78	0	0.01	1.17	0	1.98	0	0	0	0	0	0	1.46	0.02	0	0	1.6	2.36	0	0	1.15	0	0	0	0	0	0	0	0.75	0.31
0.04	0.78	0	0.01	1.17	0	1.98	0	0	0	0	0	0	1.46	0.02	0	0	1.6	2.36	0	0	1.15	0	0	0	0	0	0	0	0.75	0.31
13.1	11.61	10.37	14.27	11.79	15	14.1	14.17	14.07	12.93	12.82	14.61	13.23	0	14.78	14.07	13.75	13.26	14.63	14.53	11.8	14.99	13.45	14.98	14	12.63	12.96	13.64	12.19	12.35	12.34
4.99	4.35	4.3	4.98	4.14	2.22	5.37	3.22	4.49	4.52	3.21	3.46	4.78	4.02	0	4.73	4.35	4.39	4.14	4.03	3.05	4.65	3.14	5	4.97	4.82	2.1	4.09	3.35	3.92	1.12
0.04	0.78	0	0.01	1.17	0	1.98	0	0	0	0	0	0	1.46	0.02	0	0	1.6	2.36	0	0	1.15	0	0	0	0	0	0	0	0.75	0.31
0.04	0.78	0	0.01	1.17	0	1.98	0	0	0	0	0	0	1.46	0.02	0	0	1.6	2.36	0	0	1.15	0	0	0	0	0	0	0	0.75	0.31
0	0.02	0.45	0	0.01	0	0	0.07	0	0.16	0.04	0	0	0	0	0	1.81	0	0.02	0	0	0	0	0	0	0	0.02	0	0	0.01	0.01
0.48	3.64	6.68	6.43	5.29	0	6.61	4.97	6.61	5.74	5.36	6.79	4.39	7.66	6.9	2.46	6.77	5.1	0	5.37	0.55	6.89	6.35	6.57	7.25	3.74	4.1	7.02	5.18	5.23	6.05
1.69	8.86	0.75	7.52	0	0	11.95	1.39	0.84	0.64	1.22	3.57	11.13	12.73	12.5	1.18	1.96	9.5	9.51	0	2.57	10.53	10.86	0.5	11.07	0.84	0.5	10	0.88	0	10.62
0.04	0.78	0	0.01	1.17	0	1.98	0	0	0	0	0	0	1.46	0.02	0	0	1.6	2.36	0	0	1.15	0	0	0	0	0	0	0	0.75	0.31
1.1	0	2.55	2.49	0.04	2.16	1	1.23	1.43	0.86	1.26	1	2.69	0.63	0.03	0.13	2.69	1.57	2.09	0.94	0.38	0	2.03	0.29	1.42	1.6	1.87	0.01	1.63	1.02	0.63
0	0	0	0	0	0	0	0	0	0	0	0	0	0	0	0	0	0	0	0	0	0	0	0	0	0	0	0	0	0	0
0.04	0.78	0	0.01	1.17	0	1.98	0	0	0	0	0	0	1.46	0.02	0	0	1.6	2.36	0	0	1.15	0	0	0	0	0	0	0	0.75	0.31
0.01	0.13	0.47	0.47	0.03	0.31	0.86	0.52	0	0.13	0.06	0.01	0.01	0.22	0	0.03	1.33	0.09	1.1	0.13	0.25	0.05	0	0.03	0	0.42	0.04	3.26	0.13	0.13	0.14
0.04	0.78	0	0.01	1.17	0	1.98	0	0	0	0	0	0	1.46	0.02	0	0	1.6	2.36	0	0	1.15	0	0	0	0	0	0	0	0.75	0.31
0	1.56	1.67	0.04	1.92	0	0.23	1.04	0.98	1.37	1.35	2.06	1.42	1.26	0	1.38	1.22	2.12	2.02	0	1.04	1.84	0	0.2	0	1.19	0	0	1.6	0.58	0.31
0	0.36	0	0.02	1.5	0	0.12	0	0	0	0	0	0	0.12	0	0	0	1.68	2.13	0.02	0	0.11	0	0	0.44	0	0	0	0	0.54	0.34
0.04	0.78	0	0.01	1.17	0	1.98	0	0	0	0	0	0	1.46	0.02	0	0	1.6	2.36	0	0	1.15	0	0	0	0	0	0	0	0.75	0.31
0.05	0.02	0.82	0.02	0	0.01	1.32	0.29	0.54	0.76	0.78	0.2	0.35	0.01	1.46	0.13	1.4	1.19	1.26	0	0.44	0.27	0.42	1.47	0	0.62	0.95	0.06	0.89	0	0.55
3.17	0.93	1.09	1.92	1.73	0.46	1.47	2.33	2.48	2.71	1.9	2.25	3.49	2.82	0.41	1.52	2.68	1.44	2.27	0.25	0.94	1.36	0.5	2.33	2.06	3.27	1.88	1	2.07	1.09	0
0	16.99	25.89	0	18.94	20.45	19.44	15.99	14.62	16.48	22.78	11.48	10.81	10.9	16.66	12.56	13.38	16.26	26.95	1.11	15.26	13.92	15.98	14.4	25.09	14.27	16.19	30.24	24.6	19.02	11.99
4.51	0	6.45	5.1	1.91	6.09	4.54	4.77	5.11	6.28	6.27	5.51	5.13	5.46	5.01	5.29	5.98	6.33	6.2	5.94	5.21	0	4.37	5.06	6.49	6.38	6.37	4.66	6.29	5.57	5.15
1.15	5.06	0	2.4	5.32	0.32	1.45	0	0	0	0	0	0	6.76	0.04	0	0	8.22	9.7	0.02	0	7.57	0	0	2.71	0	0	0	0	7.33	2.54
0	28.39	23.68	0	15.81	12.1	13.17	14	16.69	15.41	18.87	16.08	14.82	14.87	15.1	14.69	14.42	16.82	32.66	0.29	14.16	9.47	14.3	12.72	16.26	14.43	17.23	14.88	21.87	12.73	15.42
3.53	0.88	5.34	2.3	0	0	4.09	2.49	4.12	4.83	5.33	3.49	5.15	3.22	3.09	3.58	4.26	5.35	5.76	0	2.25	0.99	1.63	2.91	1.25	3.61	5.22	3.09	4.21	0	4.69
0	6	3.89	0	6	0	6	6	6	6	5.98	0	6	6	6	6	6	6	6	0	6	6	6	6	6	6	6	6	6	5.97	5.93
19.47	23.08	17.83	10.99	13.8	10.32	0	5.34	12.96	13.89	20.5	5.29	10.59	12.77	11.11	11.15	17.02	17.02	15.66	11.35	10.77	10.09	8.14	9.92	13.72	17.03	23.8	7.26	22.69	18.45	16.74
1.15	5.06	0	2.4	5.32	0.32	1.45	0	0	0	0	0	0	6.76	0.04	0	0	8.22	9.7	0.02	0	7.57	0	0	2.71	0	0	0	0	7.33	2.54
1.15	5.06	0	2.4	5.32	0.32	1.45	0	0	0	0	0	0	6.76	0.04	0	0	8.22	9.7	0.02	0	7.57	0	0	2.71	0	0	0	0	7.33	2.54
1.15	5.06	0	2.4	5.32	0.32	1.45	0	0	0	0	0	0	6.76	0.04	0	0	8.22	9.7	0.02	0	7.57	0	0	2.71	0	0	0	0	7.33	2.54
1.15	5.06	0	2.4	5.32	0.32	1.45	0	0	0	0	0	0	6.76	0.04	0	0	8.22	9.7	0.02	0	7.57	0	0	2.71	0	0	0	0	7.33	2.54
1.15	5.06	0	2.4	5.32	0.32	1.45	0	0	0	0	0	0	6.76	0.04	0	0	8.22	9.7	0.02	0	7.57	0	0	2.71	0	0	0	0	7.33	2.54
1.15	5.06	0	2.4	5.32	0.32	1.45	0	0	0	0	0	0	6.76	0.04	0	0	8.22	9.7	0.02	0	7.57	0	0	2.71	0	0	0	0	7.33	2.54
15	20.38	15	15	16.6	15	15.06	15.8	15	15.73	36.48	82.69	61.68	0	15.04	15	18.63	34.9	22.17	18.82	15	15	15	15	16.45	18.55	15.47	15	27.03	17.13	15.84
0	19.92	18.07	25.05	22.04	14.84	11.02	16.05	8.71	15.68	29.21	0	15	14.31	0	15	17.39	16.16	29.86	0	19.56	4.62	20.75	13.02	35	26.57	12.78	21.56	20.96	21.67	3.8
1.15	5.06	0	2.4	5.32	0.32	1.45	0	0	0	0	0	0	6.76	0.04	0	0	8.22	9.7	0.02	0	7.57	0	0	2.71	0	0	0	0	7.33	2.54
1.15	5.06	0	2.4	5.32	0.32	1.45	0	0	0	0	0	0	6.76	0.04	0	0	8.22	9.7	0.02	0	7.57	0	0	2.71	0	0	0	0	7.33	2.54
0	0	0	0	0	0	0	0	0	0	0	0	0	0	0	0	0	0	0	0	0	0	0	0	0	0	0	0	0	0	0
7.6	8	7.91	9.63	8	0	7.9	7.58	7.83	7.68	7.97	7.69	8	8.05	7.98	8	7.97	7.95	0	8	7.24	7.73	7.78	7.93	7.68	8.79	8.44	7.62	7.8	7.88	7.84
0.27	13.11	2.33	1.04	0	0	13.05	4.92	4.79	24.89	15.97	2.28	20.34	35.39	13.08	2.03	10.98	33.57	31.01	0	18.7	12.73	12.25	4.08	11.89	33.97	39.42	37.89	24.38	0	22.96
1.15	5.06	0	2.4	5.32	0.32	1.45	0	0	0	0	0	0	6.76	0.04	0	0	8.22	9.7	0.02	0	7.57	0	0	2.71	0	0	0	0	7.33	2.54
3.1	0	11.28	2.81	0.74	11.67	6.96	5.95	6.4	10.1	10.14	7	6.78	5.64	8.63	7.09	8.73	9.67	11.4	10.32	1.61	0	3.71	2.71	10.85	7.76	4.91	3.21	9.49	7.54	4.78
0	0	0	0	0	0	0	0	0	0	0	0	0	0	0	0	0	0	0	0	0	0	0	0	0	0	0	0	0	0	0
1.15	5.06	0	2.4	5.32	0.32	1.45	0	0	0	0	0	0	6.76	0.04	0	0	8.22	9.7	0.02	0	7.57	0	0	2.71	0	0	0	0	7.33	2.54
14.09	24.5	22.19	17.9	7.66	19.19	11.31	6.61	4.62	22.04	22.12	14.08	14.96	22.73	13.01	6.01	17.27	22.97	22.31	15.2	12.62	18.27	14.82	21.03	0	18.3	18.32	24.87	19.98	16.92	16.54
1.15	5.06	0	2.4	5.32	0.32	1.45	0	0	0	0	0	0	6.76	0.04	0	0	8.22	9.7	0.02	0	7.57	0	0	2.71	0	0	0	0	7.33	2.54
0	3.81	7.09	0.73	8.43	0.33	2	4.06	6.58	7.6	6.91	3.85	4.37	6.5	0	3.45	4.85	8.54	9.29	0	6.04	3.03	0	7.66	0.41	6.63	0	0	6.72	5.77	2.54
2.86	4	0	1.93	6.44	3.85	0.25	0	0	0	0	0	0	5.38	0	0	0	6.78	8.55	6.39	0	3.13	0	0	4	0	0	0	0	5.69	1.02
1.15	5.06	0	2.4	5.32	0.32	1.45	0	0	0	0	0	0	6.76	0.04	0	0	8.22	9.7	0.02	0	7.57	0	0	2.71	0	0	0	0	7.33	2.54
0.31	0	2.11	0.61	0	0.01	1.19	1.13	2.33	1.62	2.25	0.75	0.28	0	0	1.33	1.7	2.37	2.33	0	1.34	0.89	1.09	1.29	0	1.02	2.21	0.03	2.16	0	1.7
9.84	5.41	4.89	9.32	9	2.2	8.89	5.24	5.91	7.42	7.47	2.1	3.51	11.13	11.54	3.07	4.99	11.55	12.41	3.95	6.35	7.99	0.16	5.36	4.82	5.42	8.95	1.49	7.5	8.09	0
0	0	19.79	0	18.2	0.89	10.89	0	0.01	0.06	17.74	19.5	28.24	11.51	15.9	0	14.08	2.05	0	0	27.18	9.19	6.65	15.27	5.99	2.16	16	16	0.06	0.33	1.09
2.34	0	0.64	0.05	1.27	2.48	3.36	2.58	4.95	0.06	3.29	0.16	0.26	2.15	3.63	1.32	1.14	0.4	1.39	1.87	1.59	0	0.55	2.48	3.76	1.52	1.82	2.26	1.15	0.61	2.18
0.03	0.98	0	0.17	1.02	0	1.02	0	0	0	0	0	0	2.05	2.41	0	0	4.42	1.17	0	0	1.08	0	0	0	0	0	0	0	1.19	0.65
0	6.07	7.83	0	8.51	0.01	15.99	13.77	16	1.04	3.45	0.02	0	14.29	16.04	9.3	8.36	10.94	15.98	15.29	21.19	7.63	13.43	18.44	13.13	0.14	14.15	17.5	1.38	1.91	2
1.01	2.32	0.17	0	0	0	3.31	11.18	2.84	0.25	4.81	0	3.96	0.46	7.37	0	0.48	0.07	16.89	0	2.17	4.07	12.25	0.85	1.13	0.26	1.25	6.31	1.8	0	3.04
0	6	6	0	6	0	6	6	6	5.85	6	6	0	6	6	6	6	3.89	6	0	6	6	3.09	6	6	6	6	6	6	4.28	3.36
8.31	4.76	2.88	4.04	1.83	1	0	6.09	3.35	3.46	3.62	11.2	6.06	13.62	29.99	2.62	8.86	7.48	8.82	1.83	2.53	5.69	6.6	9.71	4.4	3.68	3.99	1.68	1.31	3	6.94
0.03	0.98	0	0.17	1.02	0	1.02	0	0	0	0	0	0	2.05	2.41	0	0	4.42	1.17	0	0	1.08	0	0	0	0	0	0	0	1.19	0.65
0.03	0.98	0	0.17	1.02	0	1.02	0	0	0	0	0	0	2.05	2.41	0	0	4.42	1.17	0	0	1.08	0	0	0	0	0	0	0	1.19	0.65
0.03	0.98	0	0.17	1.02	0	1.02	0	0	0	0	0	0	2.05	2.41	0	0	4.42	1.17	0	0	1.08	0	0	0	0	0	0	0	1.19	0.65
0.03	0.98	0	0.17	1.02	0	1.02	0	0	0	0	0	0	2.05	2.41	0	0	4.42	1.17	0	0	1.08	0	0	0	0	0	0	0	1.19	0.65
0.03	0.98	0	0.17	1.02	0	1.02	0	0	0	0	0	0	2.05	2.41	0	0	4.42	1.17	0	0	1.08	0	0	0	0	0	0	0	1.19	0.65
0.03	0.98	0	0.17	1.02	0	1.02	0	0	0	0	0	0	2.05	2.41	0	0	4.42	1.17	0	0	1.08	0	0	0	0	0	0	0	1.19	0.65
13.95	12.29	14.97	3.01	5.06	15	15.22	14.63	15	3.39	7.84	14.99	15	0	15.24	13.14	13.01	14.88	14.99	15	14.83	15.63	15	15	14.04	15.35	13.42	9.04	10.47	3.63	13.37
6.07	1.61	17.37	10	0.65	6.07	15.68	1.76	1.65	0.84	0.09	0	17.5	4.73	0	0	3.92	8.85	0.72	0	0.03	0.1	0	10	2.78	0	0	25	0.17	0.05	2.55
0.03	0.98	0	0.17	1.02	0	1.02	0	0	0	0	0	0	2.05	2.41	0	0	4.42	1.17	0	0	1.08	0	0	0	0	0	0	0	1.19	0.65
0.03	0.98	0	0.17	1.02	0	1.02	0	0	0	0	0	0	2.05	2.41	0	0	4.42	1.17	0	0	1.08	0	0	0	0	0	0	0	1.19	0.65
0	0	0	0	0	0	0	0	0	0	0	0	0	0	0	0	0	0	0	0	0	0	0	0	0	0	0	0	0	0	0
8	6.1	4.3	0	0.4	0	4.88	4.97	6.47	1.51	4.44	0	7.78	0.06	2.75	8	6.77	1.14	0	7.71	4.93	5.51	0.43	8	8	4.45	6.86	2.5	2.76	0.85	0.97
10.1	10.54	0	5.31	0	0.09	15.95	0.23	0.07	0.02	0.06	0.5	18.06	16.53	8.32	0.93	0.08	18.88	19.1	0	0.01	9.62	17.17	0	18.99	2.68	0.04	10	0	0	13.76
0.03	0.98	0	0.17	1.02	0	1.02	0	0	0	0	0	0	2.05	2.41	0	0	4.42	1.17	0	0	1.08	0	0	0	0	0	0	0	1.19	0.65
0	0	0.38	0.28	0	0	2.64	4.97	4.21	0.18	2.83	7	6.39	2.45	2.86	2.7	0.57	0.43	0.72	3.72	4.36	0	6.67	0	4.67	0.65	1.03	3	0.85	0.38	3.08
0	0	0	0	0	0	0	0	0	0	0	0	0	0	0	0	0	0	0	0	0	0	0	0	0	0	0	0	0	0	0
0.03	0.98	0	0.17	1.02	0	1.02	0	0	0	0	0	0	2.05	2.41	0	0	4.42	1.17	0	0	1.08	0	0	0	0	0	0	0	1.19	0.65
5.5	0.48	0.03	0.07	0.54	6	1.89	1.8	1.6	0.01	0.07	4.95	3.43	0.44	0.13	0	0.07	0.03	0.05	3.56	0.11	0.43	0.02	0.4	0	1.23	0.39	0	0.21	0.24	0.5
0.03	0.98	0	0.17	1.02	0	1.02	0	0	0	0	0	0	2.05	2.41	0	0	4.42	1.17	0	0	1.08	0	0	0	0	0	0	0	1.19	0.65
0.26	1.12	4.02	0.12	0.95	0	1.02	2.44	1.36	2.03	2.56	10.39	7.2	3.1	2.26	2.7	1.84	4.92	7.42	0	1.67	1.51	0	1.82	0	5.33	0	0	1.61	1.24	0.65
3.85	1.7	0	4.39	1.19	3.85	3.4	0	0	0	0	0	0	3.88	1.97	0	0	1.55	0.89	0	0	0.94	0	0	0	0	0	0	0	1.43	1.09
0.03	0.98	0	0.17	1.02	0	1.02	0	0	0	0	0	0	2.05	2.41	0	0	4.42	1.17	0	0	1.08	0	0	0	0	0	0	0	1.19	0.65
0	0	0.47	0	0	0	3.82	0.4	1.19	0.05	0.15	0.02	0	0.05	0.17	0	0.63	0.8	0.05	0	0.23	1.19	0.02	0.16	0	0.62	0.05	0	0.12	0	1.24
0.84	1.04	1.64	1.04	1.49	0.03	5.21	1.94	3.18	1.68	3.01	3.99	0.95	6.85	2.9	0.22	6.57	6.63	5.99	0.37	4.95	1.48	1.3	1.21	0.87	4.51	0.97	1.46	1.99	1.33	0
0	18.46	19.45	0	18.56	15.19	18.96	19.58	17.5	18.22	18.83	18	18.92	17.85	18.8	18	19.41	17.89	18.38	13.47	18.02	19.56	19.66	18.32	19.82	18.83	18.45	18.23	18.21	19.19	13.6
4.32	0	3.89	4.48	1.5	3.5	4.03	3.55	4.69	3.02	3.17	4.55	4.11	2.41	4.58	4.09	4.92	3.07	4.07	4.61	2.52	0	2.56	4.98	4.55	4.58	4.95	4.9	3.69	3.94	3.76
0.01	0.82	0	0	1.68	0	1.68	0	0	0	0	0	0	0.75	0.08	0	0	1.45	2.93	0	0	1.96	0	0	0	0	0	0	0	1.69	0.5
0	16.42	17.79	0	17.77	17.78	18.72	18.43	17.19	18	17.83	18	18.12	16.93	17.31	7.51	17.52	17.15	17.49	13.37	17.69	19.9	18.5	18.04	17.14	18.06	18.31	18	17.37	17.71	16.98
4.85	0.54	2.95	3.79	0	0	1.95	5.12	4.03	4.84	4.45	3.38	0.71	0.87	2.54	2.86	5.03	2.28	2.53	0	5.62	6.3	4.09	5.53	4.15	4.1	3.14	5.74	2.62	0	2.86
0.91	6	6	1.57	6	0	6	6	6	6	6	6	6	6	6	6	6	6	6	0	6	6	6	6	6	6	6	6	6	6	4.74
6.42	16.15	14.29	11.33	8.4	20.88	0	3.75	6.2	15.12	9.01	17.39	9.42	7.31	9.65	5.63	8.47	13.6	14.77	10.79	14.07	9.32	10.95	10.79	8.42	8.47	4.77	18.9	7.95	9.58	11.93
0.01	0.82	0	0	1.68	0	1.68	0	0	0	0	0	0	0.75	0.08	0	0	1.45	2.93	0	0	1.96	0	0	0	0	0	0	0	1.69	0.5
0.01	0.82	0	0	1.68	0	1.68	0	0	0	0	0	0	0.75	0.08	0	0	1.45	2.93	0	0	1.96	0	0	0	0	0	0	0	1.69	0.5
0.01	0.82	0	0	1.68	0	1.68	0	0	0	0	0	0	0.75	0.08	0	0	1.45	2.93	0	0	1.96	0	0	0	0	0	0	0	1.69	0.5
0.01	0.82	0	0	1.68	0	1.68	0	0	0	0	0	0	0.75	0.08	0	0	1.45	2.93	0	0	1.96	0	0	0	0	0	0	0	1.69	0.5
0.01	0.82	0	0	1.68	0	1.68	0	0	0	0	0	0	0.75	0.08	0	0	1.45	2.93	0	0	1.96	0	0	0	0	0	0	0	1.69	0.5
0.01	0.82	0	0	1.68	0	1.68	0	0	0	0	0	0	0.75	0.08	0	0	1.45	2.93	0	0	1.96	0	0	0	0	0	0	0	1.69	0.5
15	15	15	15	15	15	15	15	15	15	15	15	15	0	15	15	15	15	14.99	15	15	15	15	15	15	15	15	15	15	15	14.93
10	8.8	14.5	10.8	14.23	10	12.01	9.16	6.55	11.4	7.6	14.23	14.72	9.77	0	5.89	10.44	7.94	8.4	10.02	9.4	8.63	9.9	10	10.14	11.81	9.78	10.47	11.24	10.7	4.73
0.01	0.82	0	0	1.68	0	1.68	0	0	0	0	0	0	0.75	0.08	0	0	1.45	2.93	0	0	1.96	0	0	0	0	0	0	0	1.69	0.5
0.01	0.82	0	0	1.68	0	1.68	0	0	0	0	0	0	0.75	0.08	0	0	1.45	2.93	0	0	1.96	0	0	0	0	0	0	0	1.69	0.5
0	0.4	0.28	0.16	1.39	0.02	0.07	1.14	0.27	3.97	1.38	4.67	0.01	0.12	0.23	2.02	3.11	0	2.03	0	0.58	0.99	0.1	1.05	0.2	3.68	1.24	1.55	1.56	2.05	0.71
7.99	4.21	7.81	7.89	6.72	0	5.09	1.14	7.55	7.19	6.82	7.65	4.16	5.44	5.5	5.96	3.81	7.43	0	5.98	6.01	7.14	4.68	2.96	2.16	4.01	7.16	7	2.88	5.67	5.14
9.01	17.14	0.54	10.79	0	0	17.22	3.95	0.1	1.78	1.1	0.96	15.72	0.78	17.7	3.5	3.83	15.42	14.28	0	0.76	18.57	13.36	1.13	6.32	1.96	2.19	11.06	0.49	0	14.32
0.01	0.82	0	0	1.68	0	1.68	0	0	0	0	0	0	0.75	0.08	0	0	1.45	2.93	0	0	1.96	0	0	0	0	0	0	0	1.69	0.5
5.19	0	4.14	4.9	1.3	4.79	4.73	6.69	6.09	5.8	5.68	6.45	6.74	1.99	5.08	6.26	5.87	4.19	4.93	3.23	6.03	0	4.04	5.21	3.83	5.12	4.74	4.24	5.67	5.14	4.58
0	0	0	0	0	0	0	0	0	0	0	0	0	0	0	0	0	0	0	0	0	0	0	0	0	0	0	0	0	0	0
0.01	0.82	0	0	1.68	0	1.68	0	0	0	0	0	0	0.75	0.08	0	0	1.45	2.93	0	0	1.96	0	0	0	0	0	0	0	1.69	0.5
12.71	1.43	4.55	16.36	4.61	6.94	9.84	8.47	1.33	6.38	7.26	8.96	9.72	6.85	16.68	3.23	10.71	4.67	7.44	9.96	4.59	1.4	6.4	8.43	0	7.22	8.09	18.1	4.72	3.01	8.23
0.01	0.82	0	0	1.68	0	1.68	0	0	0	0	0	0	0.75	0.08	0	0	1.45	2.93	0	0	1.96	0	0	0	0	0	0	0	1.69	0.5
0	2.19	2.87	0	0.99	0	0.1	1.35	1.5	2.44	1.77	1.41	1.35	2.24	0.1	1.58	1.63	2.92	3.06	0	2.87	2.38	0	2.05	0	2.19	0	0	1.67	2.04	0.5
0	2.18	0	0	2.22	0	0.19	0	0	0	0	0	0	0	0.01	0	0	3.63	2.77	0.01	0	2.14	0	0	0.09	0	0	0	0	1.93	1.28
0.01	0.82	0	0	1.68	0	1.68	0	0	0	0	0	0	0.75	0.08	0	0	1.45	2.93	0	0	1.96	0	0	0	0	0	0	0	1.69	0.5
0.01	0	1.11	0.01	0	0	1.03	0.43	0.38	2.79	1.04	3.92	0	0	0	2.92	2.62	1.12	2.67	0	0.81	1.4	0.37	2.01	0	2.2	1.23	0.87	1.02	0	0.38
5.25	2.7	3.4	3.17	3.44	1.27	2.23	3.3	4.77	3.69	2.02	5.73	2.42	1.38	0.84	1.49	4.32	1.86	6.45	5.25	2.62	2.9	0.14	14.31	1.27	9.51	2.83	2.12	3.88	3.26	0
